3238228 3238286
3238286 3238319
3238319 3238354
3238354 3238386
3238386 3238420
3238420 3238453
3238453 3238486
3238486 3238519
3238519 3238553
3238553 3238586
3238586 3238620
3238620 3238653
3238653 3238686
3238686 3238719
3238719 3238754
3238754 3238820
3238820 3238853
3238853 3238887
3238887 3238923
3238923 3238954
3238954 3238986
3238986 3239020
3239020 3239052
3239052 3239087
3239088 3239119
3239119 3239154
3239154 3239207
3239207 3239239
3239239 3239272
3239272 3239306
3239306 3239340
3239340 3239372
3239372 3239404
3239404 3239437
3239437 3239470
3239470 3239502
3239502 3239534
3239534 3239568
3239568 3239600
3239600 3239632
3239632 3239666
3239666 3239699
3239699 3239732
3239732 3239764
3239764 3239795
3239795 3239827
3239827 3239859
3239859 3239891
3239891 3239925
3239925 3239956
3239956 3239987
3239987 3240019
3240019 3240054
3240054 3240088
3240088 3240121
3240121 3240152
3240152 3240188
3240188 3240220
3240220 3240254
3240254 3240287
3240287 3240321
3240321 3240357
3240357 3240388
3240388 3240422
3240422 3240454
3240454 3240486
3240486 3240521
3240521 3240554
3240554 3240587
3240587 3240621
3240621 3240654
3240654 3240687
3240687 3240720
3240721 3240754
3240754 3240787
3240787 3240819
3240819 3240854
3240854 3240888
3240888 3240919
3240919 3240954
3240954 3240987
3240987 3241022
3241022 3241053
3241053 3241088
3241088 3241121
3241121 3241155
3241155 3241186
3241186 3241221
3241221 3241254
3241254 3241286
3241286 3241321
3241321 3241355
3241355 3241387
3241387 3241421
3241421 3241453
3241453 3241488
3241488 3241521
3241521 3241555
3241555 3241587
3241587 3241621
3241621 3241654
3241655 3241687
3241687 3241720
3241720 3241755
3241755 3241788
3241788 3241822
3241822 3241853
3241853 3241888
3241888 3241920
3241920 3241955
3241955 3241987
3241987 3242021
3242021 3242062
3242062 3242096
3242096 3242128
3242128 3242167
3242168 3242199
3242199 3242230
3242230 3242262
3242262 3242295
3242295 3242326
3242326 3242357
3242357 3242389
3242389 3242420
3242420 3242454
3242454 3242488
3242488 3242519
3242519 3242554
3242554 3242587
3242587 3242622
3242622 3242654
3242654 3242686
3242686 3242720
3242720 3242754
3242754 3242787
3242787 3242821
3242821 3242852
3242853 3242889
3242889 3242920
3242920 3242954
3242955 3242987
3242987 3243022
3243022 3243053
3243053 3243088
3243088 3243121
3243121 3243156
3243156 3243188
3243188 3243221
3243221 3243253
3243253 3243288
3243288 3243320
3243320 3243355
3243355 3243388
3243388 3243421
3243421 3243452
3243452 3243487
3243487 3243521
3243521 3243555
3243555 3243586
3243587 3243620
3243620 3243654
3243654 3243687
3243687 3243721
3243721 3243753
3243754 3243787
3243787 3243820
3243820 3243854
3243854 3243887
3243887 3243920
3243921 3243958
3243959 3243990
3243990 3244022
3244022 3244054
3244054 3244087
3244087 3244122
3244122 3244156
3244156 3244187
3244187 3244220
3244220 3244254
3244254 3244287
3244287 3244321
3244321 3244354
3244354 3244387
3244387 3244420
3244420 3244454
3244454 3244487
3244487 3244520
3244520 3244553
3244554 3244587
3244587 3244620
3244620 3244655
3244655 3244687
3244687 3244721
3244721 3244754
3244754 3244787
3244787 3244821
3244821 3244854
3244854 3244888
3244888 3244918
3244919 3244953
3244953 3244986
3244987 3245020
3245020 3245053
3245053 3245087
3245087 3245119
3245120 3245153
3245153 3245186
3245186 3245220
3245220 3245253
3245253 3245286
3245286 3245319
3245320 3245353
3245353 3245387
3245387 3245420
3245420 3245453
3245453 3245486
3245486 3245519
3245519 3245553
3245553 3245586
3245586 3245620
3245620 3245653
3245653 3245687
3245687 3245719
3245719 3245753
3245753 3245786
3245786 3245820
3245820 3245853
3245853 3245887
3245887 3245921
3245921 3245953
3245954 3245986
3245986 3246020
3246020 3246053
3246053 3246088
3246088 3246122
3246122 3246153
3246153 3246186
3246186 3246221
3246221 3246252
3246252 3246287
3246287 3246319
3246319 3246353
3246353 3246385
3246385 3246420
3246420 3246453
3246453 3246487
3246488 3246519
3246519 3246553
3246553 3246586
3246586 3246621
3246621 3246652
3246652 3246686
3246686 3246719
3246720 3246754
3246754 3246785
3246786 3246820
3246820 3246853
3246853 3246886
3246887 3246920
3246920 3246954
3246954 3246988
3246988 3247022
3247022 3247053
3247053 3247086
3247087 3247120
3247120 3247153
3247153 3247185
3247185 3247220
3247220 3247253
3247253 3247288
3247288 3247319
3247319 3247353
3247353 3247386
3247386 3247420
3247420 3247453
3247453 3247501
3247501 3247545
3247545 3247579
3247579 3247610
3247610 3247642
3247642 3247673
3247674 3247705
3247705 3247737
3247737 3247770
3247770 3247801
3247801 3247833
3247833 3247865
3247865 3247896
3247896 3247927
3247927 3247960
3247960 3247991
3247991 3248022
3248022 3248053
3248054 3248085
3248085 3248119
3248119 3248154
3248154 3248186
3248186 3248219
3248219 3248252
3248252 3248286
3248286 3248319
3248319 3248353
3248353 3248385
3248385 3248419
3248419 3248453
3248453 3248486
3248486 3248518
3248518 3248553
3248553 3248586
3248586 3248620
3248620 3248652
3248652 3248686
3248686 3248719
3248720 3248753
3248753 3248785
3248785 3248819
3248819 3248853
3248853 3248886
3248886 3248918
3248918 3248953
3248953 3248986
3248986 3249042
3249042 3249074
3249074 3249105
3249105 3249136
3249136 3249168
3249168 3249202
3249202 3249233
3249233 3249264
3249264 3249295
3249295 3249326
3249326 3249357
3249357 3249389
3249389 3249421
3249421 3249452
3249452 3249486
3249486 3249519
3249519 3249553
3249553 3249586
3249586 3249619
3249620 3249653
3249653 3249686
3249686 3249718
3249718 3249753
3249753 3249787
3249787 3249819
3249819 3249852
3249852 3249886
3249886 3249920
3249920 3249953
3249953 3249985
3249985 3250020
3250020 3250053
3250053 3250086
3250086 3250118
3250118 3250153
3250153 3250187
3250187 3250219
3250220 3250252
3250252 3250286
3250286 3250322
3250322 3250353
3250353 3250385
3250385 3250419
3250419 3250453
3250453 3250486
3250486 3250518
3250518 3250553
3250553 3250586
3250586 3250620
3250620 3250652
3250652 3250686
3250686 3250719
3250720 3250759
3250759 3250790
3250790 3250822
3250822 3250855
3250855 3250887
3250887 3250919
3250919 3250953
3250953 3250986
3250987 3251020
3251020 3251052
3251052 3251087
3251087 3251120
3251120 3251153
3251153 3251186
3251187 3251220
3251220 3251254
3251254 3251286
3251286 3251319
3251319 3251354
3251354 3251387
3251387 3251421
3251421 3251452
3251452 3251486
3251487 3251520
3251520 3251553
3251553 3251585
3251585 3251620
3251620 3251653
3251653 3251686
3251687 3251719
3251719 3251753
3251753 3251786
3251786 3251820
3251820 3251852
3251852 3251887
3251887 3251920
3251920 3251953
3251953 3251985
3251985 3252020
3252020 3252053
3252053 3252087
3252087 3252119
3252119 3252153
3252153 3252186
3252186 3252220
3252220 3252252
3252252 3252290
3252290 3252322
3252322 3252356
3252356 3252388
3252388 3252421
3252421 3252452
3252452 3252487
3252487 3252519
3252519 3252553
3252553 3252586
3252586 3252620
3252620 3252653
3252653 3252687
3252687 3252720
3252720 3252759
3252760 3252791
3252791 3252824
3252824 3252855
3252855 3252887
3252887 3252919
3252919 3252953
3252953 3252987
3252987 3253019
3253019 3253053
3253053 3253086
3253086 3253120
3253120 3253153
3253153 3253187
3253187 3253220
3253220 3253254
3253254 3253286
3253286 3253319
3253319 3253353
3253353 3253387
3253387 3253419
3253419 3253452
3253452 3253486
3253487 3253519
3253519 3253553
3253553 3253585
3253585 3253619
3253619 3253653
3253653 3253687
3253687 3253719
3253719 3253753
3253753 3253786
3253786 3253819
3253819 3253853
3253853 3253887
3253887 3253919
3253919 3253953
3253953 3253986
3253986 3254020
3254020 3254052
3254052 3254086
3254087 3254119
3254119 3254153
3254154 3254211
3254211 3254246
3254246 3254278
3254279 3254310
3254310 3254342
3254342 3254373
3254373 3254404
3254404 3254436
3254436 3254467
3254467 3254499
3254499 3254532
3254532 3254563
3254564 3254595
3254595 3254626
3254626 3254657
3254657 3254689
3254689 3254719
3254719 3254753
3254754 3254786
3254786 3254820
3254820 3254853
3254854 3254887
3254887 3254920
3254920 3254953
3254953 3254987
3254987 3255020
3255020 3255054
3255054 3255087
3255087 3255122
3255122 3255154
3255154 3255186
3255186 3255220
3255221 3255255
3255255 3255288
3255288 3255320
3255320 3255357
3255357 3255388
3255388 3255423
3255423 3255454
3255454 3255487
3255487 3255521
3255521 3255554
3255554 3255586
3255586 3255621
3255621 3255654
3255654 3255687
3255687 3255721
3255721 3255754
3255754 3255787
3255787 3255820
3255821 3255854
3255854 3255887
3255887 3255921
3255921 3255954
3255954 3255987
3255987 3256021
3256021 3256054
3256054 3256087
3256087 3256120
3256120 3256154
3256154 3256187
3256187 3256220
3256220 3256253
3256253 3256288
3256288 3256323
3256323 3256356
3256356 3256387
3256388 3256420
3256420 3256455
3256455 3256487
3256487 3256521
3256521 3256554
3256554 3256588
3256588 3256621
3256621 3256654
3256654 3256687
3256687 3256721
3256721 3256754
3256754 3256787
3256787 3256820
3256821 3256855
3256855 3256886
3256886 3256921
3256921 3256954
3256954 3256988
3256988 3257020
3257020 3257054
3257054 3257087
3257087 3257121
3257121 3257154
3257154 3257187
3257187 3257220
3257221 3257255
3257255 3257287
3257287 3257321
3257321 3257354
3257354 3257388
3257388 3257421
3257421 3257454
3257454 3257487
3257487 3257521
3257521 3257555
3257555 3257587
3257587 3257620
3257621 3257654
3257654 3257688
3257688 3257721
3257721 3257754
3257754 3257787
3257787 3257821
3257821 3257854
3257854 3257887
3257887 3257921
3257921 3257954
3257955 3257987
3257988 3258021
3258021 3258054
3258054 3258087
3258087 3258121
3258121 3258154
3258154 3258188
3258188 3258219
3258220 3258254
3258255 3258290
3258290 3258322
3258322 3258354
3258354 3258388
3258388 3258421
3258421 3258459
3258459 3258493
3258493 3258525
3258525 3258558
3258558 3258591
3258591 3258622
3258622 3258655
3258655 3258686
3258686 3258721
3258721 3258754
3258754 3258788
3258788 3258820
3258820 3258854
3258854 3258887
3258887 3258921
3258921 3258954
3258954 3258987
3258987 3259021
3259021 3259055
3259055 3259087
3259087 3259120
3259120 3259154
3259154 3259188
3259188 3259220
3259220 3259254
3259254 3259310
3259310 3259342
3259342 3259374
3259374 3259405
3259405 3259437
3259437 3259468
3259469 3259500
3259500 3259534
3259534 3259565
3259565 3259597
3259597 3259629
3259629 3259660
3259660 3259692
3259692 3259723
3259723 3259754
3259754 3259787
3259787 3259820
3259820 3259854
3259854 3259887
3259887 3259920
3259920 3259953
3259954 3259987
3259987 3260020
3260020 3260054
3260054 3260087
3260087 3260121
3260121 3260154
3260154 3260187
3260187 3260220
3260220 3260254
3260254 3260287
3260287 3260320
3260320 3260354
3260354 3260387
3260387 3260420
3260420 3260453
3260454 3260487
3260487 3260520
3260520 3260553
3260553 3260587
3260587 3260620
3260620 3260654
3260654 3260686
3260686 3260720
3260720 3260753
3260753 3260787
3260787 3260819
3260819 3260853
3260853 3260886
3260887 3260920
3260920 3260953
3260953 3260987
3260987 3261020
3261020 3261054
3261054 3261087
3261087 3261121
3261121 3261154
3261154 3261188
3261188 3261220
3261220 3261255
3261255 3261287
3261287 3261321
3261321 3261353
3261354 3261388
3261388 3261421
3261421 3261454
3261454 3261487
3261487 3261521
3261521 3261554
3261554 3261588
3261588 3261620
3261620 3261654
3261654 3261687
3261687 3261721
3261721 3261753
3261753 3261788
3261788 3261821
3261821 3261854
3261854 3261886
3261887 3261921
3261921 3261954
3261954 3261988
3261988 3262020
3262020 3262054
3262054 3262086
3262087 3262121
3262121 3262153
3262153 3262187
3262187 3262220
3262220 3262256
3262256 3262287
3262287 3262322
3262322 3262353
3262354 3262388
3262388 3262419
3262419 3262454
3262454 3262487
3262487 3262521
3262521 3262553
3262553 3262588
3262588 3262620
3262620 3262654
3262655 3262687
3262687 3262721
3262721 3262753
3262753 3262788
3262788 3262820
3262820 3262854
3262854 3262887
3262887 3262922
3262922 3262953
3262953 3262987
3262987 3263020
3263020 3263055
3263055 3263085
3263086 3263120
3263120 3263154
3263154 3263186
3263187 3263237
3263237 3263268
3263268 3263298
3263299 3263330
3263330 3263362
3263362 3263393
3263393 3263425
3263425 3263457
3263457 3263488
3263488 3263520
3263520 3263554
3263554 3263587
3263587 3263620
3263620 3263653
3263653 3263687
3263687 3263720
3263720 3263753
3263753 3263787
3263787 3263820
3263820 3263853
3263853 3263887
3263887 3263920
3263920 3263954
3263954 3263987
3263987 3264020
3264020 3264054
3264054 3264087
3264087 3264120
3264120 3264153
3264153 3264187
3264187 3264220
3264220 3264254
3264254 3264287
3264287 3264321
3264321 3264354
3264354 3264387
3264387 3264420
3264420 3264480
3264480 3264512
3264512 3264546
3264546 3264577
3264577 3264608
3264608 3264642
3264642 3264673
3264674 3264705
3264705 3264736
3264736 3264768
3264768 3264800
3264800 3264832
3264832 3264864
3264864 3264895
3264896 3264927
3264927 3264958
3264958 3264990
3264990 3265022
3265022 3265054
3265054 3265087
3265088 3265121
3265121 3265154
3265154 3265188
3265188 3265228
3265228 3265260
3265260 3265292
3265292 3265324
3265324 3265356
3265356 3265389
3265389 3265421
3265421 3265453
3265453 3265486
3265486 3265521
3265521 3265554
3265554 3265588
3265588 3265620
3265620 3265654
3265654 3265688
3265688 3265721
3265721 3265754
3265754 3265787
3265787 3265820
3265820 3265854
3265854 3265887
3265887 3265921
3265921 3265954
3265954 3265987
3265987 3266021
3266021 3266054
3266054 3266087
3266087 3266121
3266121 3266155
3266155 3266187
3266187 3266221
3266221 3266254
3266254 3266286
3266286 3266321
3266321 3266354
3266354 3266396
3266396 3266428
3266428 3266460
3266460 3266492
3266492 3266524
3266524 3266556
3266556 3266588
3266588 3266620
3266620 3266654
3266655 3266686
3266686 3266722
3266722 3266755
3266755 3266787
3266787 3266819
3266819 3266854
3266855 3266887
3266887 3266921
3266921 3266954
3266954 3266988
3266988 3267020
3267020 3267054
3267055 3267086
3267087 3267121
3267121 3267153
3267153 3267188
3267188 3267221
3267221 3267255
3267255 3267287
3267287 3267321
3267321 3267352
3267353 3267388
3267388 3267420
3267420 3267455
3267455 3267486
3267486 3267521
3267521 3267554
3267554 3267588
3267588 3267619
3267619 3267654
3267654 3267687
3267687 3267721
3267721 3267753
3267753 3267788
3267788 3267820
3267820 3267855
3267855 3267886
3267886 3267920
3267920 3267953
3267953 3267987
3267987 3268019
3268019 3268054
3268054 3268087
3268087 3268120
3268120 3268152
3268153 3268187
3268187 3268220
3268220 3268253
3268253 3268286
3268286 3268321
3268321 3268354
3268354 3268387
3268387 3268419
3268419 3268454
3268454 3268487
3268487 3268520
3268520 3268554
3268554 3268587
3268587 3268620
3268620 3268653
3268654 3268686
3268686 3268720
3268720 3268755
3268755 3268786
3268786 3268819
3268819 3268853
3268853 3268887
3268887 3268922
3268922 3268953
3268953 3268986
3268987 3269020
3269020 3269053
3269053 3269087
3269087 3269120
3269120 3269153
3269153 3269186
3269186 3269219
3269219 3269253
3269253 3269287
3269287 3269320
3269320 3269353
3269353 3269387
3269387 3269420
3269420 3269455
3269455 3269516
3269516 3269549
3269549 3269581
3269581 3269613
3269613 3269646
3269646 3269677
3269677 3269709
3269709 3269741
3269741 3269772
3269772 3269804
3269805 3269836
3269836 3269869
3269869 3269900
3269900 3269932
3269932 3269964
3269964 3269996
3269996 3270027
3270027 3270059
3270059 3270091
3270091 3270124
3270124 3270156
3270156 3270187
3270187 3270220
3270220 3270253
3270254 3270286
3270286 3270320
3270320 3270354
3270354 3270387
3270387 3270419
3270419 3270453
3270454 3270487
3270487 3270520
3270520 3270554
3270554 3270587
3270587 3270620
3270621 3270653
3270653 3270685
3270686 3270720
3270720 3270753
3270753 3270786
3270787 3270820
3270820 3270853
3270853 3270886
3270886 3270920
3270920 3270953
3270953 3270986
3270987 3271020
3271020 3271054
3271054 3271086
3271086 3271120
3271120 3271154
3271154 3271187
3271187 3271220
3271220 3271253
3271253 3271287
3271287 3271329
3271329 3271360
3271360 3271392
3271392 3271424
3271424 3271456
3271456 3271487
3271488 3271520
3271520 3271554
3271554 3271588
3271588 3271620
3271620 3271654
3271654 3271686
3271686 3271720
3271720 3271753
3271753 3271787
3271787 3271819
3271820 3271854
3271854 3271887
3271887 3271920
3271920 3271953
3271953 3271987
3271987 3272021
3272021 3272054
3272055 3272087
3272087 3272121
3272121 3272153
3272153 3272188
3272188 3272221
3272221 3272255
3272255 3272287
3272288 3272321
3272321 3272354
3272354 3272387
3272388 3272421
3272421 3272454
3272454 3272487
3272487 3272521
3272521 3272554
3272554 3272588
3272588 3272621
3272621 3272658
3272658 3272689
3272689 3272722
3272722 3272755
3272755 3272788
3272788 3272821
3272821 3272854
3272854 3272888
3272888 3272922
3272923 3272953
3272953 3272987
3272987 3273021
3273021 3273055
3273055 3273088
3273088 3273121
3273121 3273154
3273154 3273188
3273188 3273221
3273221 3273255
3273255 3273289
3273289 3273320
3273320 3273354
3273354 3273387
3273387 3273421
3273421 3273455
3273455 3273488
3273488 3273521
3273521 3273554
3273555 3273588
3273588 3273623
3273623 3273654
3273654 3273688
3273688 3273722
3273722 3273756
3273756 3273788
3273789 3273826
3273826 3273858
3273858 3273889
3273889 3273922
3273922 3273955
3273955 3273988
3273988 3274020
3274020 3274054
3274054 3274088
3274088 3274122
3274122 3274154
3274154 3274188
3274188 3274221
3274221 3274255
3274255 3274287
3274287 3274321
3274321 3274355
3274355 3274388
3274389 3274421
3274421 3274455
3274455 3274488
3274488 3274522
3274522 3274553
3274553 3274587
3274588 3274621
3274621 3274655
3274655 3274714
3274714 3274746
3274746 3274777
3274777 3274809
3274809 3274840
3274840 3274872
3274872 3274904
3274904 3274935
3274935 3274966
3274966 3274997
3274997 3275027
3275027 3275058
3275058 3275089
3275089 3275120
3275120 3275153
3275153 3275186
3275187 3275220
3275220 3275253
3275253 3275287
3275287 3275320
3275320 3275353
3275353 3275386
3275386 3275420
3275420 3275453
3275453 3275487
3275487 3275520
3275520 3275553
3275553 3275586
3275586 3275620
3275620 3275653
3275653 3275686
3275686 3275720
3275720 3275754
3275754 3275787
3275787 3275820
3275820 3275853
3275853 3275887
3275887 3275920
3275920 3275953
3275953 3275990
3275990 3276020
3276020 3276053
3276053 3276086
3276086 3276120
3276120 3276153
3276153 3276186
3276186 3276220
3276220 3276253
3276253 3276286
3276286 3276320
3276320 3276353
3276353 3276386
3276386 3276420
3276420 3276453
3276453 3276486
3276487 3276520
3276520 3276554
3276554 3276587
3276587 3276620
3276620 3276654
3276654 3276687
3276687 3276720
3276720 3276753
3276753 3276787
3276787 3276820
3276820 3276853
3276853 3276887
3276887 3276920
3276920 3276953
3276953 3276986
3276986 3277020
3277020 3277053
3277053 3277087
3277087 3277119
3277119 3277153
3277153 3277186
3277186 3277232
3277232 3277263
3277263 3277293
3277293 3277323
3277323 3277353
3277353 3277386
3277386 3277420
3277420 3277453
3277453 3277486
3277487 3277519
3277519 3277553
3277553 3277586
3277586 3277620
3277620 3277654
3277654 3277686
3277686 3277719
3277719 3277753
3277753 3277786
3277786 3277820
3277820 3277854
3277854 3277890
3277890 3277920
3277920 3277953
3277953 3277986
3277986 3278019
3278020 3278052
3278052 3278086
3278086 3278119
3278119 3278153
3278153 3278188
3278188 3278219
3278219 3278253
3278253 3278286
3278286 3278319
3278319 3278353
3278353 3278386
3278386 3278419
3278419 3278452
3278452 3278485
3278486 3278519
3278519 3278553
3278553 3278585
3278585 3278619
3278619 3278653
3278653 3278686
3278686 3278719
3278719 3278753
3278753 3278786
3278786 3278819
3278819 3278852
3278852 3278886
3278886 3278919
3278919 3278953
3278953 3278985
3278985 3279019
3279019 3279053
3279053 3279086
3279086 3279119
3279119 3279152
3279153 3279186
3279186 3279219
3279219 3279253
3279253 3279286
3279286 3279319
3279320 3279353
3279353 3279386
3279386 3279420
3279420 3279453
3279453 3279486
3279486 3279519
3279519 3279553
3279553 3279586
3279586 3279619
3279619 3279653
3279653 3279686
3279686 3279720
3279720 3279753
3279753 3279816
3279816 3279849
3279849 3279879
3279880 3279910
3279910 3279941
3279942 3279972
3279972 3280003
3280003 3280034
3280034 3280065
3280065 3280096
3280096 3280128
3280128 3280158
3280158 3280188
3280188 3280220
3280220 3280253
3280253 3280286
3280286 3280319
3280320 3280353
3280353 3280386
3280386 3280419
3280419 3280453
3280453 3280486
3280486 3280520
3280520 3280553
3280553 3280586
3280586 3280619
3280619 3280653
3280653 3280686
3280686 3280719
3280719 3280753
3280753 3280786
3280786 3280821
3280821 3280863
3280863 3280894
3280894 3280926
3280926 3280957
3280957 3280987
3280987 3281020
3281020 3281053
3281053 3281086
3281086 3281119
3281119 3281153
3281153 3281186
3281186 3281219
3281219 3281253
3281253 3281286
3281286 3281319
3281319 3281352
3281352 3281386
3281386 3281420
3281420 3281453
3281453 3281486
3281486 3281519
3281519 3281553
3281553 3281586
3281586 3281620
3281620 3281653
3281653 3281686
3281686 3281719
3281719 3281753
3281753 3281787
3281787 3281819
3281819 3281853
3281853 3281886
3281886 3281919
3281919 3281953
3281953 3281986
3281986 3282022
3282022 3282052
3282053 3282086
3282086 3282119
3282119 3282153
3282153 3282186
3282186 3282219
3282219 3282252
3282253 3282286
3282286 3282319
3282319 3282353
3282353 3282386
3282386 3282419
3282419 3282452
3282452 3282486
3282486 3282519
3282520 3282555
3282555 3282586
3282586 3282619
3282619 3282653
3282653 3282686
3282686 3282719
3282720 3282753
3282753 3282786
3282787 3282822
3282822 3282853
3282853 3282887
3282887 3282921
3282921 3282953
3282954 3282986
3282986 3283020
3283020 3283053
3283053 3283087
3283087 3283120
3283120 3283153
3283153 3283186
3283186 3283220
3283220 3283253
3283253 3283286
3283286 3283320
3283320 3283353
3283353 3283386
3283386 3283419
3283420 3283453
3283453 3283487
3283487 3283519
3283519 3283553
3283553 3283586
3283586 3283620
3283620 3283653
3283653 3283686
3283686 3283719
3283719 3283754
3283754 3283786
3283786 3283820
3283820 3283852
3283853 3283887
3283887 3283919
3283920 3283953
3283954 3283986
3283986 3284020
3284020 3284053
3284053 3284087
3284087 3284120
3284120 3284155
3284155 3284186
3284186 3284220
3284220 3284252
3284252 3284287
3284287 3284319
3284319 3284353
3284353 3284386
3284386 3284419
3284419 3284452
3284452 3284485
3284486 3284519
3284519 3284553
3284554 3284586
3284586 3284619
3284619 3284652
3284653 3284686
3284686 3284719
3284719 3284753
3284753 3284785
3284786 3284819
3284819 3284852
3284852 3284886
3284886 3284919
3284919 3284977
3284977 3285007
3285008 3285038
3285038 3285068
3285068 3285099
3285099 3285129
3285129 3285159
3285160 3285190
3285190 3285246
3285246 3285277
3285277 3285308
3285308 3285338
3285338 3285369
3285369 3285399
3285399 3285429
3285429 3285459
3285459 3285490
3285490 3285520
3285520 3285552
3285552 3285586
3285586 3285619
3285619 3285652
3285652 3285686
3285686 3285719
3285719 3285752
3285752 3285786
3285786 3285819
3285819 3285853
3285853 3285885
3285886 3285919
3285919 3285952
3285953 3285986
3285986 3286019
3286019 3286052
3286053 3286086
3286086 3286120
3286120 3286152
3286152 3286186
3286186 3286219
3286219 3286252
3286252 3286285
3286285 3286319
3286319 3286352
3286352 3286386
3286386 3286425
3286425 3286454
3286454 3286485
3286485 3286518
3286518 3286552
3286552 3286585
3286585 3286619
3286619 3286652
3286652 3286685
3286685 3286719
3286719 3286752
3286752 3286785
3286785 3286818
3286818 3286852
3286852 3286885
3286885 3286919
3286919 3286953
3286953 3286985
3286985 3287019
3287019 3287052
3287052 3287085
3287085 3287119
3287119 3287152
3287152 3287185
3287185 3287219
3287219 3287252
3287252 3287285
3287285 3287318
3287318 3287352
3287352 3287385
3287385 3287419
3287419 3287452
3287452 3287486
3287486 3287519
3287519 3287552
3287552 3287585
3287585 3287624
3287625 3287654
3287654 3287685
3287685 3287718
3287719 3287752
3287752 3287785
3287785 3287818
3287818 3287852
3287852 3287885
3287886 3287918
3287919 3287952
3287952 3287986
3287986 3288022
3288022 3288052
3288052 3288086
3288086 3288119
3288119 3288152
3288153 3288185
3288186 3288219
3288219 3288252
3288252 3288285
3288285 3288319
3288319 3288352
3288352 3288385
3288385 3288419
3288419 3288452
3288452 3288485
3288486 3288519
3288519 3288552
3288553 3288586
3288586 3288619
3288619 3288652
3288652 3288686
3288686 3288719
3288719 3288752
3288752 3288785
3288786 3288819
3288819 3288852
3288852 3288886
3288886 3288919
3288919 3288952
3288952 3288986
3288986 3289019
3289019 3289052
3289052 3289088
3289088 3289120
3289120 3289152
3289152 3289186
3289186 3289219
3289219 3289262
3289262 3289291
3289292 3289322
3289322 3289352
3289352 3289385
3289385 3289419
3289419 3289452
3289452 3289485
3289485 3289520
3289520 3289553
3289553 3289586
3289587 3289620
3289620 3289653
3289653 3289687
3289687 3289720
3289720 3289753
3289754 3289786
3289786 3289820
3289820 3289853
3289853 3289886
3289886 3289920
3289920 3289953
3289953 3290010
3290010 3290040
3290040 3290069
3290069 3290099
3290100 3290130
3290130 3290163
3290163 3290193
3290193 3290224
3290224 3290255
3290255 3290286
3290286 3290320
3290320 3290353
3290353 3290386
3290386 3290419
3290420 3290453
3290453 3290486
3290486 3290520
3290520 3290553
3290553 3290586
3290586 3290620
3290620 3290653
3290653 3290686
3290686 3290720
3290720 3290753
3290753 3290788
3290788 3290820
3290820 3290853
3290853 3290886
3290887 3290920
3290920 3290953
3290953 3290987
3290987 3291020
3291020 3291053
3291053 3291087
3291087 3291120
3291120 3291154
3291154 3291187
3291187 3291220
3291220 3291282
3291282 3291312
3291312 3291343
3291344 3291374
3291374 3291404
3291404 3291434
3291434 3291464
3291464 3291494
3291494 3291524
3291524 3291553
3291554 3291586
3291587 3291620
3291620 3291654
3291654 3291687
3291687 3291720
3291720 3291753
3291753 3291786
3291786 3291820
3291820 3291853
3291853 3291887
3291887 3291920
3291920 3291954
3291954 3291987
3291987 3292020
3292020 3292053
3292053 3292086
3292086 3292120
3292120 3292153
3292153 3292187
3292187 3292220
3292220 3292253
3292254 3292286
3292287 3292320
3292320 3292356
3292356 3292387
3292387 3292420
3292420 3292454
3292454 3292487
3292487 3292520
3292520 3292553
3292553 3292587
3292587 3292620
3292620 3292653
3292653 3292687
3292687 3292720
3292720 3292753
3292753 3292787
3292787 3292820
3292820 3292854
3292854 3292886
3292886 3292920
3292920 3292954
3292954 3292987
3292987 3293020
3293020 3293053
3293053 3293086
3293086 3293120
3293120 3293153
3293153 3293187
3293187 3293220
3293220 3293254
3293254 3293287
3293287 3293320
3293320 3293353
3293353 3293387
3293387 3293420
3293420 3293453
3293453 3293487
3293487 3293520
3293520 3293553
3293553 3293586
3293586 3293620
3293620 3293653
3293654 3293688
3293688 3293720
3293720 3293753
3293753 3293786
3293787 3293820
3293820 3293853
3293854 3293886
3293886 3293920
3293920 3293953
3293953 3293987
3293987 3294020
3294020 3294054
3294054 3294086
3294086 3294120
3294120 3294153
3294153 3294187
3294187 3294220
3294220 3294253
3294254 3294287
3294287 3294320
3294321 3294353
3294353 3294386
3294386 3294420
3294420 3294453
3294453 3294487
3294487 3294520
3294520 3294553
3294553 3294587
3294587 3294620
3294620 3294653
3294653 3294686
3294686 3294720
3294720 3294753
3294753 3294786
3294786 3294820
3294820 3294853
3294853 3294886
3294886 3294920
3294920 3294953
3294953 3294987
3294987 3295019
3295020 3295053
3295053 3295086
3295086 3295120
3295120 3295153
3295153 3295186
3295186 3295219
3295219 3295277
3295278 3295308
3295308 3295337
3295337 3295365
3295366 3295395
3295395 3295424
3295424 3295453
3295453 3295485
3295485 3295519
3295519 3295553
3295553 3295586
3295586 3295619
3295619 3295653
3295653 3295686
3295686 3295720
3295720 3295753
3295753 3295787
3295787 3295820
3295820 3295853
3295853 3295886
3295886 3295920
3295920 3295953
3295953 3295986
3295986 3296020
3296020 3296054
3296054 3296087
3296087 3296120
3296120 3296153
3296153 3296187
3296187 3296220
3296220 3296254
3296254 3296286
3296287 3296320
3296320 3296353
3296353 3296386
3296386 3296419
3296419 3296453
3296453 3296486
3296486 3296519
3296519 3296553
3296553 3296586
3296586 3296620
3296620 3296652
3296652 3296686
3296686 3296719
3296719 3296752
3296752 3296786
3296787 3296819
3296819 3296853
3296853 3296886
3296886 3296919
3296919 3296953
3296953 3296986
3296986 3297019
3297019 3297053
3297053 3297086
3297086 3297120
3297120 3297153
3297153 3297186
3297186 3297219
3297220 3297253
3297253 3297286
3297286 3297320
3297320 3297353
3297353 3297387
3297387 3297419
3297419 3297453
3297453 3297486
3297486 3297520
3297520 3297552
3297552 3297586
3297586 3297619
3297619 3297653
3297653 3297686
3297686 3297720
3297720 3297753
3297753 3297787
3297787 3297819
3297819 3297854
3297854 3297886
3297886 3297920
3297920 3297953
3297953 3298483
3298483 3298513
3298513 3298543
3298543 3298572
3298572 3298601
3298602 3298631
3298631 3298661
3298661 3298690
3298691 3298720
3298720 3298753
3298753 3298786
3298786 3298820
3298820 3298853
3298853 3298886
3298886 3298919
3298920 3298953
3298954 3298986
3298986 3299019
3299019 3299053
3299053 3299086
3299086 3299119
3299119 3299153
3299153 3299187
3299187 3299220
3299220 3299253
3299253 3299287
3299287 3299320
3299320 3299353
3299353 3299386
3299386 3299422
3299422 3299456
3299456 3299487
3299487 3299520
3299521 3299553
3299553 3299587
3299587 3299620
3299620 3299653
3299653 3299687
3299687 3299720
3299720 3299753
3299753 3299786
3299786 3299820
3299820 3299853
3299853 3299887
3299887 3299920
3299920 3299953
3299953 3299987
3299987 3300020
3300021 3300053
3300054 3300088
3300088 3300120
3300120 3300154
3300154 3300187
3300187 3300220
3300220 3300254
3300254 3300308
3300308 3300338
3300338 3300369
3300369 3300400
3300400 3300430
3300430 3300460
3300461 3300491
3300491 3300521
3300522 3300554
3300554 3300587
3300587 3300621
3300621 3300654
3300654 3300687
3300687 3300725
3300725 3300755
3300755 3300787
3300787 3300820
3300820 3300853
3300853 3300887
3300887 3300920
3300920 3300954
3300954 3300988
3300988 3301020
3301020 3301054
3301054 3301087
3301087 3301121
3301121 3301154
3301154 3301187
3301187 3301220
3301220 3301254
3301254 3301287
3301287 3301321
3301321 3301354
3301354 3301387
3301388 3301420
3301420 3301454
3301454 3301487
3301487 3301521
3301521 3301554
3301554 3301587
3301587 3301620
3301620 3301654
3301654 3301687
3301687 3301721
3301721 3301754
3301754 3301787
3301787 3301821
3301821 3301854
3301854 3301887
3301887 3301920
3301920 3301954
3301954 3301987
3301987 3302020
3302020 3302054
3302054 3302087
3302087 3302120
3302120 3302154
3302154 3302187
3302187 3302221
3302221 3302254
3302254 3302287
3302288 3302321
3302321 3302354
3302354 3302387
3302387 3302421
3302421 3302454
3302454 3302487
3302487 3302521
3302521 3302554
3302554 3302587
3302587 3302620
3302620 3302654
3302654 3302687
3302687 3302720
3302721 3302754
3302754 3302788
3302788 3302820
3302820 3302854
3302854 3302887
3302887 3302920
3302921 3302953
3302953 3302987
3302987 3303020
3303020 3303054
3303054 3303087
3303087 3303121
3303121 3303153
3303153 3303187
3303187 3303220
3303220 3303253
3303254 3303287
3303287 3303321
3303321 3303354
3303354 3303389
3303389 3303420
3303420 3303454
3303454 3303486
3303486 3303520
3303520 3303554
3303554 3303587
3303587 3303620
3303620 3303654
3303654 3303687
3303687 3303721
3303721 3303753
3303753 3303787
3303787 3303820
3303820 3303854
3303855 3303887
3303887 3303921
3303921 3303954
3303954 3303987
3303987 3304020
3304020 3304055
3304055 3304087
3304087 3304121
3304121 3304154
3304154 3304187
3304187 3304220
3304221 3304254
3304254 3304287
3304287 3304320
3304320 3304354
3304354 3304396
3304396 3304431
3304431 3304462
3304462 3304493
3304493 3304524
3304524 3304554
3304554 3304587
3304587 3304620
3304620 3304656
3304656 3304686
3304686 3304720
3304720 3304753
3304753 3304786
3304786 3304820
3304820 3304853
3304853 3304887
3304887 3304920
3304920 3304954
3304954 3304988
3304988 3305020
3305020 3305053
3305053 3305087
3305087 3305120
3305120 3305154
3305154 3305187
3305187 3305220
3305220 3305265
3305265 3305296
3305296 3305326
3305326 3305356
3305356 3305387
3305387 3305421
3305421 3305495
3305495 3305526
3305526 3305556
3305556 3305587
3305587 3305620
3305620 3305653
3305653 3305687
3305687 3305720
3305720 3305753
3305753 3305786
3305787 3305820
3305820 3305853
3305853 3305887
3305887 3305920
3305920 3305953
3305953 3305987
3305987 3306029
3306029 3306060
3306060 3306090
3306090 3306120
3306120 3306153
3306153 3306187
3306187 3306220
3306220 3306253
3306253 3306286
3306287 3306320
3306320 3306353
3306353 3306387
3306387 3306420
3306420 3306454
3306454 3306487
3306487 3306521
3306521 3306553
3306553 3306587
3306587 3306620
3306620 3306653
3306653 3306687
3306687 3306720
3306720 3306753
3306753 3306787
3306787 3306820
3306820 3306854
3306854 3306886
3306887 3306920
3306920 3306953
3306953 3306988
3306988 3307021
3307021 3307054
3307054 3307088
3307088 3307121
3307121 3307155
3307155 3307188
3307188 3307221
3307221 3307255
3307255 3307288
3307288 3307321
3307321 3307354
3307354 3307388
3307388 3307421
3307421 3307455
3307455 3307488
3307488 3307521
3307522 3307554
3307554 3307589
3307589 3307621
3307621 3307655
3307655 3307688
3307688 3307722
3307722 3307755
3307755 3307788
3307788 3307821
3307821 3307855
3307855 3307887
3307887 3307921
3307921 3307954
3307954 3307988
3307988 3308021
3308021 3308055
3308055 3308087
3308088 3308121
3308121 3308154
3308154 3308202
3308202 3308233
3308233 3308265
3308265 3308295
3308295 3308326
3308326 3308357
3308357 3308388
3308388 3308422
3308422 3308454
3308454 3308487
3308488 3308521
3308521 3308554
3308554 3308588
3308588 3308621
3308621 3308655
3308655 3308687
3308688 3308721
3308721 3308754
3308754 3308788
3308788 3308822
3308822 3308854
3308854 3308888
3308888 3308921
3308921 3308954
3308954 3308987
3308987 3309021
3309021 3309054
3309054 3309087
3309088 3309121
3309121 3309154
3309154 3309188
3309188 3309221
3309221 3309254
3309254 3309288
3309288 3309337
3309337 3309368
3309368 3309398
3309398 3309428
3309428 3309459
3309459 3309490
3309490 3309521
3309521 3309555
3309555 3309588
3309588 3309621
3309621 3309655
3309655 3309688
3309688 3309722
3309722 3309754
3309755 3309788
3309788 3309821
3309821 3309855
3309855 3309888
3309888 3309922
3309922 3309954
3309955 3309988
3309988 3310021
3310021 3310054
3310054 3310087
3310088 3310121
3310121 3310154
3310154 3310188
3310188 3310221
3310221 3310254
3310254 3310287
3310287 3310321
3310321 3310354
3310354 3310387
3310388 3310421
3310421 3310454
3310454 3310511
3310511 3310542
3310542 3310573
3310573 3310603
3310603 3310633
3310634 3310664
3310664 3310695
3310695 3310726
3310727 3310757
3310757 3310788
3310788 3310821
3310821 3310854
3310854 3310888
3310888 3310921
3310921 3310955
3310955 3310988
3310988 3311021
3311021 3311055
3311055 3311088
3311088 3311121
3311121 3311155
3311155 3311188
3311188 3311221
3311221 3311254
3311254 3311288
3311288 3311321
3311321 3311354
3311355 3311388
3311388 3311421
3311421 3311454
3311454 3311488
3311488 3311521
3311521 3311555
3311555 3311588
3311588 3311621
3311621 3311654
3311655 3311688
3311688 3311721
3311721 3311755
3311755 3311788
3311788 3311822
3311822 3311854
3311855 3311888
3311888 3311922
3311922 3311955
3311955 3311988
3311988 3312022
3312022 3312055
3312055 3312089
3312089 3312122
3312122 3312155
3312155 3312188
3312188 3312221
3312221 3312255
3312255 3312288
3312288 3312322
3312322 3312355
3312355 3312388
3312388 3312421
3312421 3312455
3312455 3312488
3312488 3312522
3312522 3312558
3312558 3312588
3312588 3312622
3312622 3312656
3312657 3312689
3312689 3312722
3312722 3312755
3312755 3312788
3312788 3312822
3312822 3312855
3312855 3312888
3312888 3312921
3312922 3312955
3312955 3312988
3312989 3313022
3313022 3313055
3313055 3313088
3313088 3313122
3313122 3313155
3313155 3313189
3313189 3313222
3313222 3313255
3313255 3313289
3313289 3313322
3313322 3313355
3313355 3313388
3313388 3313422
3313422 3313455
3313455 3313488
3313489 3313522
3313522 3313555
3313555 3313588
3313589 3313625
3313625 3313656
3313656 3313709
3313709 3313740
3313740 3313771
3313771 3313801
3313801 3313832
3313832 3313862
3313862 3313893
3313893 3313923
3313923 3313955
3313955 3313988
3313988 3314022
3314022 3314055
3314055 3314089
3314089 3314121
3314121 3314155
3314155 3314188
3314188 3314222
3314222 3314255
3314255 3314289
3314289 3314322
3314322 3314355
3314355 3314388
3314388 3314422
3314422 3314455
3314455 3314489
3314489 3314522
3314522 3314555
3314555 3314588
3314589 3314622
3314622 3314655
3314655 3314688
3314689 3314722
3314722 3314755
3314755 3314789
3314789 3314822
3314822 3314855
3314855 3314888
3314888 3314921
3314922 3314955
3314955 3314988
3314988 3315022
3315022 3315055
3315055 3315088
3315089 3315121
3315121 3315155
3315155 3315188
3315188 3315222
3315222 3315255
3315255 3315288
3315288 3315322
3315322 3315356
3315356 3315388
3315388 3315421
3315422 3315455
3315455 3315489
3315489 3315522
3315522 3315555
3315555 3315588
3315588 3315622
3315622 3315655
3315655 3315716
3315716 3315747
3315747 3315778
3315778 3315808
3315808 3315868
3315868 3315899
3315899 3315929
3315929 3315959
3315959 3315989
3315990 3316022
3316022 3316055
3316055 3316088
3316088 3316121
3316121 3316156
3316156 3316188
3316189 3316221
3316221 3316255
3316255 3316288
3316288 3316321
3316321 3316355
3316355 3316388
3316388 3316423
3316423 3316456
3316456 3316489
3316489 3316522
3316522 3316556
3316556 3316588
3316588 3316622
3316622 3316655
3316655 3316689
3316689 3316722
3316722 3316755
3316755 3316788
3316788 3316823
3316823 3316855
3316855 3316889
3316889 3316922
3316922 3316956
3316957 3316989
3316989 3317022
3317022 3317055
3317055 3317090
3317090 3317122
3317122 3317155
3317155 3317188
3317188 3317223
3317223 3317255
3317255 3317289
3317289 3317321
3317322 3317356
3317356 3317389
3317389 3317422
3317422 3317455
3317455 3317489
3317489 3317522
3317522 3317556
3317556 3317588
3317588 3317621
3317621 3317654
3317655 3317689
3317689 3317722
3317722 3317755
3317755 3317788
3317788 3317822
3317822 3317857
3317857 3317888
3317888 3317921
3317921 3317955
3317955 3317988
3317988 3318023
3318023 3318055
3318055 3318088
3318088 3318124
3318124 3318155
3318155 3318188
3318188 3318221
3318222 3318255
3318255 3318288
3318288 3318321
3318321 3318355
3318355 3318388
3318388 3318422
3318422 3318455
3318455 3318488
3318488 3318522
3318522 3318555
3318555 3318588
3318588 3318622
3318622 3318657
3318657 3318689
3318690 3318722
3318722 3318756
3318756 3318788
3318788 3318822
3318822 3318855
3318855 3318889
3318889 3318922
3318922 3318956
3318956 3318988
3318988 3319022
3319022 3319055
3319055 3319089
3319089 3319121
3319121 3319156
3319156 3319189
3319189 3319222
3319222 3319255
3319255 3319301
3319301 3319332
3319332 3319363
3319363 3319394
3319394 3319425
3319426 3319456
3319457 3319488
3319488 3319521
3319521 3319555
3319555 3319588
3319588 3319622
3319622 3319655
3319655 3319689
3319689 3319722
3319722 3319755
3319755 3319790
3319790 3319822
3319822 3319855
3319855 3319888
3319889 3319921
3319922 3319955
3319955 3319988
3319989 3320022
3320022 3320055
3320055 3320089
3320089 3320121
3320122 3320155
3320155 3320188
3320188 3320222
3320222 3320255
3320255 3320289
3320289 3320321
3320322 3320355
3320355 3320388
3320388 3320422
3320422 3320454
3320455 3320489
3320489 3320521
3320522 3320555
3320555 3320588
3320588 3320622
3320622 3320655
3320655 3320688
3320689 3320721
3320721 3320756
3320756 3320812
3320812 3320843
3320843 3320876
3320876 3320906
3320906 3320937
3320937 3320967
3320967 3320997
3320997 3321028
3321028 3321058
3321058 3321088
3321088 3321121
3321121 3321155
3321155 3321188
3321188 3321222
3321222 3321255
3321255 3321289
3321289 3321322
3321322 3321356
3321356 3321389
3321389 3321422
3321422 3321455
3321455 3321488
3321489 3321522
3321522 3321555
3321555 3321588
3321589 3321622
3321622 3321655
3321655 3321689
3321689 3321722
3321722 3321756
3321756 3321788
3321789 3321824
3321824 3321855
3321855 3321889
3321889 3321922
3321922 3321957
3321957 3321988
3321988 3322022
3322022 3322055
3322055 3322088
3322089 3322122
3322122 3322155
3322155 3322188
3322188 3322222
3322222 3322255
3322255 3322288
3322288 3322322
3322322 3322355
3322355 3322388
3322388 3322422
3322422 3322470
3322470 3322513
3322513 3322544
3322544 3322575
3322575 3322606
3322606 3322637
3322637 3322668
3322668 3322699
3322699 3322731
3322731 3322764
3322764 3322795
3322795 3322826
3322826 3322857
3322857 3322889
3322889 3322922
3322922 3322956
3322956 3322988
3322988 3323023
3323023 3323056
3323056 3323089
3323089 3323121
3323121 3323156
3323156 3323188
3323188 3323222
3323222 3323255
3323255 3323289
3323289 3323322
3323322 3323356
3323356 3323388
3323388 3323422
3323423 3323455
3323455 3323489
3323489 3323521
3323521 3323556
3323556 3323589
3323589 3323623
3323623 3323655
3323655 3323689
3323689 3323722
3323722 3323759
3323759 3323789
3323789 3323822
3323822 3323855
3323855 3323889
3323889 3323921
3323921 3323955
3323955 3323988
3323989 3324022
3324022 3324057
3324057 3324089
3324089 3324122
3324122 3324155
3324155 3324188
3324188 3324222
3324222 3324255
3324255 3324289
3324289 3324322
3324322 3324356
3324356 3324389
3324389 3324422
3324422 3324456
3324456 3324490
3324490 3324523
3324523 3324557
3324557 3324589
3324589 3324624
3324624 3324656
3324657 3324691
3324691 3324723
3324723 3324757
3324757 3324790
3324790 3324825
3324825 3324856
3324856 3324892
3324892 3324923
3324923 3324957
3324957 3324989
3324989 3325023
3325024 3325056
3325056 3325089
3325089 3325123
3325123 3325156
3325156 3325190
3325190 3325223
3325223 3325257
3325257 3325289
3325290 3325323
3325323 3325356
3325356 3325391
3325391 3325423
3325423 3325456
3325456 3325489
3325489 3325523
3325523 3325556
3325556 3325589
3325589 3325623
3325623 3325656
3325656 3325690
3325690 3325723
3325723 3325756
3325756 3325789
3325790 3325823
3325823 3325856
3325856 3325893
3325893 3325924
3325924 3325979
3325979 3326011
3326011 3326042
3326042 3326073
3326073 3326105
3326105 3326136
3326136 3326167
3326167 3326199
3326199 3326229
3326229 3326260
3326260 3326292
3326292 3326324
3326324 3326356
3326357 3326389
3326389 3326423
3326423 3326456
3326456 3326490
3326490 3326523
3326523 3326556
3326556 3326589
3326589 3326623
3326623 3326656
3326656 3326689
3326689 3326723
3326723 3326756
3326756 3326789
3326789 3326823
3326823 3326856
3326856 3326890
3326890 3326923
3326923 3326956
3326956 3326990
3326990 3327023
3327023 3327056
3327056 3327089
3327089 3327123
3327123 3327156
3327156 3327189
3327189 3327223
3327223 3327256
3327257 3327289
3327289 3327323
3327323 3327356
3327356 3327390
3327390 3327424
3327424 3327456
3327456 3327489
3327489 3327523
3327523 3327556
3327556 3327589
3327589 3327623
3327623 3327656
3327656 3327690
3327690 3327723
3327723 3327756
3327756 3327789
3327790 3327823
3327823 3327856
3327856 3327889
3327890 3327923
3327923 3327956
3327956 3327990
3327990 3328023
3328023 3328056
3328056 3328090
3328090 3328123
3328123 3328156
3328156 3328189
3328189 3328223
3328223 3328256
3328256 3328289
3328290 3328323
3328323 3328356
3328356 3328389
3328389 3328423
3328423 3328473
3328473 3328506
3328506 3328537
3328537 3328568
3328568 3328599
3328599 3328630
3328630 3328660
3328660 3328690
3328690 3328723
3328723 3328756
3328756 3328789
3328789 3328823
3328823 3328856
3328856 3328890
3328890 3328923
3328923 3328956
3328956 3328990
3328990 3329039
3329039 3329073
3329073 3329103
3329103 3329134
3329134 3329165
3329166 3329196
3329196 3329227
3329227 3329258
3329258 3329289
3329289 3329323
3329323 3329356
3329356 3329389
3329389 3329422
3329422 3329456
3329456 3329489
3329489 3329523
3329523 3329557
3329557 3329590
3329590 3329623
3329623 3329657
3329657 3329689
3329689 3329722
3329722 3329756
3329756 3329789
3329789 3329823
3329823 3329856
3329856 3329890
3329890 3329923
3329923 3329956
3329956 3329989
3329989 3330023
3330023 3330059
3330059 3330090
3330090 3330124
3330124 3330157
3330157 3330190
3330190 3330222
3330223 3330256
3330256 3330289
3330289 3330323
3330323 3330356
3330356 3330389
3330389 3330423
3330423 3330455
3330455 3330489
3330489 3330522
3330522 3330556
3330556 3330589
3330589 3330622
3330622 3330656
3330656 3330690
3330690 3330722
3330723 3330756
3330756 3330789
3330789 3330822
3330822 3330859
3330859 3330890
3330890 3330923
3330923 3330958
3330958 3331020
3331020 3331051
3331051 3331082
3331082 3331113
3331113 3331145
3331145 3331195
3331195 3331226
3331226 3331258
3331258 3331289
3331289 3331323
3331323 3331356
3331356 3331390
3331390 3331423
3331423 3331456
3331456 3331489
3331489 3331523
3331523 3331556
3331556 3331589
3331589 3331622
3331623 3331656
3331656 3331690
3331690 3331722
3331723 3331756
3331756 3331790
3331790 3331823
3331823 3331856
3331856 3331889
3331889 3331923
3331923 3331956
3331956 3331989
3331990 3332023
3332023 3332057
3332057 3332090
3332090 3332125
3332125 3332157
3332157 3332190
3332190 3332223
3332223 3332256
3332256 3332289
3332289 3332323
3332323 3332357
3332357 3332389
3332390 3332423
3332423 3332456
3332456 3332489
3332489 3332523
3332523 3332556
3332556 3332590
3332590 3332623
3332623 3332656
3332656 3332689
3332689 3332723
3332723 3332756
3332756 3332789
3332789 3332823
3332823 3332857
3332857 3332890
3332890 3332923
3332923 3332956
3332956 3332990
3332990 3333023
3333023 3333056
3333056 3333089
3333089 3333123
3333123 3333156
3333156 3333193
3333193 3333230
3333230 3333261
3333261 3333291
3333291 3333323
3333323 3333359
3333359 3333392
3333392 3333424
3333424 3333456
3333456 3333489
3333489 3333523
3333523 3333556
3333556 3333589
3333589 3333623
3333623 3333657
3333657 3333689
3333689 3333723
3333723 3333756
3333756 3333790
3333790 3333823
3333823 3333856
3333856 3333889
3333889 3333924
3333924 3333956
3333957 3333998
3333998 3334029
3334029 3334060
3334060 3334091
3334091 3334123
3334123 3334156
3334156 3334192
3334192 3334223
3334223 3334256
3334256 3334289
3334289 3334323
3334323 3334356
3334356 3334389
3334389 3334422
3334422 3334472
3334472 3334503
3334503 3334557
3334557 3334589
3334589 3334619
3334620 3334650
3334650 3334680
3334680 3334711
3334711 3334743
3334743 3334774
3334774 3334806
3334806 3334837
3334837 3334868
3334868 3334899
3334899 3334930
3334930 3334962
3334962 3335024
3335025 3335056
3335057 3335088
3335088 3335119
3335119 3335150
3335150 3335181
3335181 3335212
3335212 3335243
3335243 3335274
3335275 3335305
3335306 3335338
3335338 3335368
3335368 3335399
3335400 3335430
3335430 3335460
3335460 3335491
3335492 3335523
3335523 3335556
3335556 3335590
3335590 3335623
3335623 3335656
3335656 3335690
3335690 3335723
3335723 3335756
3335756 3335790
3335790 3335822
3335822 3335856
3335856 3335889
3335889 3335923
3335923 3335956
3335956 3335989
3335989 3336023
3336023 3336056
3336056 3336089
3336090 3336123
3336123 3336167
3336168 3336216
3336216 3336247
3336247 3336277
3336277 3336308
3336308 3336339
3336339 3336370
3336370 3336402
3336402 3336432
3336432 3336464
3336464 3336494
3336494 3336525
3336525 3336556
3336556 3336591
3336591 3336623
3336623 3336656
3336656 3336689
3336689 3336724
3336724 3336756
3336756 3336790
3336790 3336823
3336823 3336856
3336856 3336890
3336890 3336923
3336923 3336956
3336956 3336991
3336991 3337023
3337023 3337056
3337056 3337089
3337089 3337123
3337123 3337157
3337157 3337190
3337190 3337224
3337224 3337258
3337259 3337290
3337290 3337323
3337323 3337356
3337357 3337390
3337390 3337423
3337423 3337456
3337457 3337489
3337490 3337523
3337523 3337556
3337556 3337590
3337590 3337623
3337623 3337658
3337658 3337690
3337690 3337723
3337723 3337757
3337757 3337790
3337790 3337823
3337823 3337856
3337857 3337890
3337890 3337925
3337925 3337956
3337956 3337990
3337990 3338023
3338023 3338056
3338056 3338090
3338090 3338123
3338123 3338156
3338156 3338190
3338190 3338223
3338223 3338257
3338257 3338290
3338290 3338323
3338324 3338363
3338363 3338393
3338393 3338425
3338425 3338456
3338456 3338489
3338490 3338523
3338523 3338556
3338556 3338590
3338590 3338623
3338623 3338656
3338656 3338690
3338690 3338723
3338723 3338756
3338756 3338791
3338791 3338823
3338823 3338857
3338857 3338890
3338890 3338923
3338923 3338957
3338957 3338990
3338990 3339023
3339023 3339056
3339056 3339090
3339090 3339123
3339124 3339156
3339156 3339190
3339190 3339223
3339223 3339256
3339256 3339290
3339290 3339323
3339323 3339380
3339380 3339411
3339411 3339442
3339442 3339473
3339473 3339504
3339504 3339535
3339535 3339567
3339567 3339597
3339597 3339629
3339629 3339660
3339660 3339691
3339691 3339723
3339723 3339756
3339756 3339790
3339790 3339823
3339823 3339856
3339856 3339889
3339889 3339923
3339923 3339957
3339957 3339990
3339990 3340023
3340023 3340057
3340057 3340090
3340090 3340123
3340123 3340156
3340156 3340190
3340190 3340223
3340223 3340256
3340256 3340290
3340290 3340323
3340323 3340356
3340356 3340390
3340390 3340422
3340423 3340456
3340456 3340505
3340505 3340537
3340537 3340567
3340568 3340599
3340599 3340630
3340630 3340661
3340661 3340692
3340692 3340723
3340723 3340756
3340756 3340789
3340789 3340823
3340823 3340856
3340856 3340889
3340889 3340923
3340923 3340956
3340956 3340990
3340990 3341022
3341022 3341057
3341057 3341090
3341090 3341123
3341123 3341156
3341156 3341190
3341190 3341223
3341223 3341257
3341257 3341319
3341319 3341350
3341350 3341381
3341381 3341413
3341413 3341444
3341445 3341476
3341476 3341507
3341508 3341539
3341539 3341570
3341570 3341601
3341601 3341633
3341633 3341663
3341664 3341696
3341696 3341727
3341727 3341758
3341758 3341789
3341789 3341822
3341823 3341856
3341856 3341890
3341890 3341923
3341923 3341957
3341957 3341991
3341991 3342024
3342024 3342057
3342057 3342091
3342091 3342124
3342124 3342161
3342161 3342194
3342194 3342226
3342226 3342258
3342259 3342291
3342291 3342325
3342325 3342358
3342358 3342391
3342391 3342425
3342425 3342458
3342458 3342491
3342491 3342524
3342524 3342558
3342558 3342591
3342591 3342625
3342625 3342659
3342659 3342692
3342692 3342725
3342725 3342758
3342758 3342791
3342791 3342893
3342893 3342925
3342925 3342958
3342958 3342991
3342992 3343024
3343024 3343058
3343058 3343091
3343091 3343124
3343124 3343158
3343158 3343191
3343191 3343225
3343225 3343259
3343259 3343291
3343291 3343325
3343325 3343358
3343358 3343392
3343392 3343425
3343425 3343458
3343458 3343491
3343491 3343525
3343525 3343558
3343558 3343591
3343591 3343625
3343625 3343659
3343659 3343691
3343691 3343725
3343725 3343758
3343758 3343792
3343792 3343825
3343825 3343858
3343858 3343891
3343891 3343924
3343925 3343958
3343958 3343991
3343991 3344024
3344024 3344058
3344058 3344091
3344091 3344124
3344125 3344158
3344158 3344191
3344191 3344225
3344225 3344258
3344258 3344291
3344291 3344324
3344325 3344358
3344358 3344392
3344392 3344428
3344428 3344462
3344462 3344494
3344494 3344526
3344526 3344558
3344558 3344591
3344591 3344625
3344625 3344658
3344658 3344691
3344691 3344725
3344725 3344758
3344758 3344791
3344791 3344825
3344825 3344858
3344858 3344892
3344892 3344925
3344925 3344958
3344958 3344991
3344991 3345024
3345024 3345057
3345057 3345091
3345091 3345124
3345124 3345157
3345158 3345191
3345191 3345224
3345224 3345258
3345258 3345291
3345291 3345325
3345325 3345357
3345358 3345394
3345394 3345426
3345426 3345459
3345459 3345491
3345491 3345525
3345525 3345558
3345558 3345591
3345591 3345625
3345625 3345658
3345658 3345691
3345691 3345725
3345725 3345758
3345758 3345791
3345791 3345824
3345824 3345858
3345858 3345891
3345891 3345924
3345925 3345958
3345958 3345992
3345992 3346024
3346024 3346058
3346058 3346091
3346091 3346124
3346124 3346157
3346157 3346192
3346192 3346227
3346228 3346260
3346260 3346292
3346292 3346325
3346325 3346357
3346358 3346391
3346391 3346425
3346425 3346486
3346486 3346519
3346519 3346563
3346563 3346597
3346597 3346629
3346629 3346660
3346661 3346692
3346692 3346725
3346725 3346758
3346758 3346791
3346791 3346824
3346824 3346857
3346857 3346891
3346891 3346924
3346924 3346957
3346958 3346991
3346991 3347025
3347025 3347057
3347058 3347091
3347091 3347124
3347124 3347157
3347157 3347191
3347191 3347224
3347224 3347258
3347258 3347291
3347291 3347324
3347324 3347357
3347357 3347394
3347394 3347426
3347426 3347458
3347458 3347491
3347491 3347524
3347524 3347558
3347558 3347604
3347604 3347637
3347637 3347669
3347669 3347700
3347700 3347731
3347731 3347763
3347763 3347794
3347794 3347826
3347826 3347857
3347857 3347890
3347890 3347923
3347923 3347957
3347957 3347990
3347991 3348024
3348024 3348058
3348058 3348090
3348090 3348124
3348124 3348159
3348159 3348190
3348190 3348223
3348224 3348257
3348257 3348290
3348290 3348324
3348324 3348357
3348357 3348390
3348390 3348423
3348423 3348457
3348457 3348490
3348490 3348524
3348524 3348557
3348557 3348590
3348590 3348623
3348623 3348657
3348657 3348690
3348690 3348724
3348724 3348757
3348757 3348790
3348790 3348823
3348823 3348857
3348857 3348890
3348890 3348923
3348923 3348957
3348957 3348990
3348990 3349024
3349024 3349057
3349057 3349090
3349090 3349124
3349124 3349157
3349157 3349191
3349191 3349242
3349242 3349274
3349275 3349306
3349306 3349338
3349338 3349371
3349371 3349403
3349403 3349434
3349434 3349466
3349466 3349497
3349497 3349529
3349529 3349560
3349560 3349592
3349592 3349624
3349625 3349657
3349657 3349690
3349691 3349724
3349724 3349757
3349757 3349790
3349791 3349825
3349825 3349857
3349857 3349890
3349890 3349924
3349924 3349958
3349958 3349990
3349990 3350023
3350023 3350057
3350057 3350090
3350090 3350123
3350123 3350156
3350156 3350190
3350190 3350223
3350223 3350256
3350256 3350290
3350290 3350333
3350333 3350365
3350365 3350396
3350397 3350428
3350428 3350459
3350459 3350490
3350491 3350523
3350523 3350560
3350560 3350591
3350591 3350623
3350624 3350657
3350657 3350690
3350690 3350723
3350723 3350757
3350757 3350790
3350790 3350823
3350823 3350859
3350859 3350890
3350890 3350923
3350923 3350957
3350957 3350990
3350990 3351023
3351024 3351057
3351057 3351090
3351090 3351124
3351124 3351157
3351157 3351190
3351190 3351224
3351224 3351257
3351257 3351290
3351290 3351324
3351324 3351357
3351357 3351390
3351390 3351425
3351426 3351457
3351457 3351504
3351504 3351535
3351535 3351567
3351567 3351598
3351598 3351629
3351629 3351660
3351660 3351692
3351692 3351724
3351724 3351757
3351757 3351790
3351790 3351824
3351824 3351857
3351857 3351890
3351890 3351924
3351924 3351958
3351958 3351990
3351990 3352024
3352024 3352057
3352058 3352091
3352091 3352124
3352124 3352157
3352157 3352191
3352191 3352224
3352224 3352257
3352257 3352290
3352290 3352324
3352324 3352358
3352358 3352391
3352391 3352424
3352424 3352457
3352457 3352491
3352491 3352525
3352525 3352558
3352558 3352590
3352591 3352625
3352625 3352657
3352657 3352691
3352691 3352724
3352724 3352758
3352758 3352790
3352790 3352824
3352824 3352857
3352857 3352891
3352891 3352924
3352924 3352957
3352958 3352991
3352991 3353047
3353047 3353080
3353080 3353112
3353112 3353144
3353144 3353175
3353175 3353207
3353208 3353240
3353240 3353272
3353272 3353304
3353304 3353336
3353336 3353368
3353368 3353400
3353400 3353432
3353432 3353463
3353463 3353495
3353495 3353528
3353528 3353560
3353560 3353594
3353594 3353626
3353626 3353658
3353658 3353692
3353692 3353724
3353724 3353757
3353757 3353790
3353790 3353824
3353824 3353857
3353857 3353890
3353890 3353923
3353923 3353957
3353957 3353990
3353990 3354024
3354024 3354057
3354057 3354091
3354091 3354124
3354124 3354157
3354157 3354192
3354192 3354224
3354224 3354257
3354257 3354290
3354291 3354324
3354324 3354357
3354357 3354390
3354390 3354424
3354424 3354457
3354457 3354491
3354491 3354524
3354524 3354560
3354561 3354592
3354592 3354625
3354625 3354658
3354658 3354703
3354703 3354735
3354735 3354767
3354767 3354798
3354799 3354830
3354830 3354862
3354862 3354894
3354894 3354925
3354925 3354957
3354957 3354990
3354990 3355024
3355024 3355057
3355057 3355090
3355090 3355123
3355124 3355158
3355158 3355190
3355190 3355224
3355224 3355257
3355258 3355291
3355292 3355324
3355324 3355357
3355358 3355391
3355391 3355424
3355424 3355457
3355457 3355490
3355491 3355524
3355524 3355557
3355557 3355591
3355591 3355624
3355624 3355657
3355657 3355691
3355691 3355725
3355725 3355757
3355758 3355791
3355791 3355824
3355824 3355857
3355857 3355890
3355891 3355924
3355924 3355957
3355957 3355991
3355991 3356024
3356024 3356057
3356057 3356091
3356091 3356124
3356124 3356157
3356157 3356190
3356190 3356224
3356224 3356257
3356257 3356290
3356290 3356324
3356324 3356359
3356359 3356402
3356402 3356434
3356434 3356465
3356466 3356497
3356497 3356528
3356528 3356560
3356560 3356591
3356591 3356624
3356624 3356657
3356657 3356715
3356715 3356747
3356747 3356778
3356778 3356810
3356810 3356842
3356842 3356873
3356874 3356907
3356907 3356939
3356939 3356970
3356970 3357002
3357002 3357033
3357033 3357065
3357065 3357096
3357096 3357127
3357127 3357160
3357160 3357191
3357192 3357247
3357247 3357278
3357278 3357310
3357310 3357342
3357342 3357373
3357373 3357405
3357405 3357436
3357436 3357469
3357469 3357501
3357501 3357533
3357533 3357565
3357565 3357597
3357597 3357629
3357629 3357661
3357661 3357693
3357693 3357724
3357725 3357757
3357757 3357790
3357790 3357824
3357824 3357857
3357857 3357890
3357890 3357924
3357924 3357957
3357957 3357991
3357991 3358023
3358024 3358057
3358057 3358090
3358090 3358123
3358124 3358157
3358157 3358190
3358190 3358224
3358224 3358257
3358257 3358290
3358290 3358323
3358323 3358357
3358357 3358390
3358390 3358423
3358423 3358456
3358456 3358491
3358491 3358524
3358524 3358558
3358558 3358590
3358590 3358624
3358624 3358657
3358657 3358691
3358691 3358724
3358724 3358757
3358757 3358791
3358791 3358824
3358824 3358857
3358857 3358891
3358891 3358924
3358924 3358957
3358957 3358990
3358990 3359024
3359024 3359057
3359057 3359090
3359090 3359124
3359124 3359157
3359157 3359190
3359190 3359224
3359224 3359257
3359257 3359290
3359290 3359324
3359324 3359357
3359357 3359390
3359390 3359425
3359425 3359458
3359458 3359491
3359491 3359524
3359525 3359558
3359558 3359591
3359591 3359625
3359625 3359659
3359659 3359692
3359692 3359725
3359725 3359759
3359759 3359791
3359791 3359825
3359825 3359858
3359858 3359891
3359891 3359925
3359925 3359958
3359958 3359991
3359991 3360025
3360025 3360058
3360058 3360091
3360091 3360125
3360125 3360158
3360158 3360191
3360191 3360225
3360225 3360258
3360258 3360291
3360291 3360324
3360324 3360358
3360358 3360391
3360391 3360424
3360424 3360458
3360458 3360491
3360491 3360525
3360525 3360558
3360558 3360591
3360591 3360625
3360625 3360658
3360658 3360691
3360691 3360724
3360724 3360758
3360758 3360791
3360791 3360825
3360825 3360858
3360858 3360891
3360891 3360925
3360925 3360958
3360958 3360991
3360991 3361024
3361024 3361058
3361058 3361091
3361091 3361124
3361124 3361158
3361158 3361201
3361202 3361233
3361233 3361265
3361265 3361298
3361298 3361329
3361329 3361360
3361360 3361392
3361392 3361424
3361424 3361458
3361458 3361491
3361491 3361524
3361524 3361558
3361558 3361591
3361591 3361624
3361625 3361658
3361658 3361691
3361691 3361724
3361724 3361758
3361758 3361824
3361824 3361856
3361856 3361887
3361887 3361918
3361918 3361949
3361949 3361980
3361980 3362011
3362011 3362042
3362042 3362073
3362073 3362105
3362105 3362135
3362136 3362166
3362166 3362197
3362198 3362228
3362228 3362259
3362259 3362291
3362291 3362324
3362324 3362358
3362358 3362391
3362391 3362424
3362424 3362457
3362457 3362491
3362491 3362525
3362525 3362557
3362558 3362590
3362591 3362624
3362624 3362658
3362658 3362691
3362691 3362724
3362724 3362757
3362758 3362790
3362791 3362824
3362824 3362858
3362858 3362891
3362891 3362925
3362925 3362957
3362958 3362990
3362990 3363024
3363024 3363057
3363057 3363090
3363090 3363124
3363124 3363158
3363158 3363190
3363191 3363224
3363224 3363257
3363257 3363290
3363290 3363324
3363324 3363358
3363358 3363391
3363391 3363424
3363424 3363457
3363458 3363491
3363491 3363524
3363524 3363557
3363557 3363590
3363590 3363624
3363624 3363657
3363658 3363690
3363690 3363724
3363724 3363757
3363758 3363792
3363792 3363824
3363824 3363857
3363858 3363890
3363891 3363926
3363926 3363957
3363957 3363991
3363991 3364025
3364025 3364057
3364057 3364090
3364090 3364124
3364124 3364157
3364157 3364190
3364190 3364225
3364225 3364257
3364257 3364290
3364290 3364323
3364324 3364357
3364358 3364390
3364390 3364424
3364424 3364457
3364457 3364491
3364491 3364524
3364524 3364558
3364558 3364591
3364591 3364624
3364624 3364658
3364658 3364691
3364691 3364724
3364724 3364758
3364758 3364791
3364791 3364824
3364824 3364858
3364858 3364891
3364891 3364924
3364925 3364958
3364958 3364991
3364991 3365025
3365025 3365058
3365058 3365091
3365091 3365124
3365125 3365158
3365158 3365191
3365191 3365225
3365225 3365258
3365258 3365291
3365291 3365324
3365324 3365357
3365357 3365391
3365391 3365424
3365424 3365458
3365458 3365491
3365491 3365524
3365524 3365558
3365558 3365591
3365591 3365624
3365624 3365658
3365658 3365691
3365691 3365724
3365724 3365761
3365761 3365791
3365791 3365824
3365824 3365857
3365857 3365891
3365891 3365924
3365924 3365957
3365957 3365990
3365991 3366024
3366024 3366057
3366057 3366090
3366090 3366124
3366124 3366157
3366157 3366190
3366191 3366224
3366224 3366257
3366258 3366290
3366290 3366323
3366324 3366358
3366358 3366391
3366391 3366424
3366424 3366457
3366457 3366490
3366490 3366524
3366524 3366557
3366557 3366591
3366591 3366624
3366624 3366657
3366657 3366691
3366691 3366724
3366724 3366766
3366766 3366797
3366797 3366828
3366828 3366858
3366858 3366891
3366891 3366924
3366924 3366978
3366978 3367009
3367009 3367039
3367039 3367070
3367070 3367100
3367100 3367131
3367131 3367163
3367163 3367194
3367194 3367225
3367225 3367257
3367258 3367292
3367292 3367324
3367324 3367358
3367358 3367391
3367391 3367424
3367424 3367457
3367457 3367491
3367491 3367524
3367524 3367557
3367557 3367591
3367591 3367624
3367624 3367657
3367657 3367690
3367691 3367724
3367724 3367757
3367757 3367791
3367791 3367824
3367824 3367858
3367858 3367890
3367890 3367924
3367924 3367961
3367961 3367992
3367992 3368024
3368024 3368057
3368057 3368090
3368091 3368124
3368124 3368157
3368157 3368191
3368191 3368224
3368224 3368257
3368257 3368291
3368291 3368324
3368324 3368358
3368358 3368391
3368391 3368424
3368424 3368457
3368457 3368491
3368491 3368524
3368524 3368557
3368558 3368590
3368590 3368624
3368624 3368657
3368657 3368691
3368691 3368724
3368724 3368757
3368757 3368793
3368793 3368824
3368824 3368858
3368858 3368891
3368891 3368925
3368925 3368958
3368958 3368991
3368991 3369024
3369024 3369058
3369058 3369091
3369091 3369124
3369124 3369157
3369157 3369191
3369191 3369224
3369224 3369257
3369257 3369291
3369291 3369324
3369324 3369357
3369357 3369391
3369391 3369424
3369424 3369458
3369458 3369491
3369491 3369524
3369524 3369557
3369557 3369591
3369591 3369624
3369624 3369657
3369657 3369691
3369691 3369724
3369724 3369757
3369757 3369791
3369791 3369824
3369824 3369858
3369858 3369891
3369891 3369924
3369924 3369958
3369958 3369991
3369991 3370024
3370024 3370057
3370058 3370091
3370091 3370124
3370124 3370157
3370157 3370190
3370191 3370224
3370224 3370258
3370258 3370291
3370291 3370324
3370324 3370357
3370357 3370392
3370392 3370424
3370424 3370457
3370457 3370491
3370491 3370525
3370525 3370558
3370558 3370591
3370591 3370624
3370624 3370657
3370657 3370690
3370691 3370724
3370724 3370757
3370757 3370791
3370791 3370824
3370824 3370857
3370857 3370891
3370891 3370925
3370925 3370957
3370957 3370991
3370991 3371024
3371024 3371060
3371060 3371092
3371092 3371124
3371124 3371157
3371157 3371191
3371191 3371224
3371224 3371264
3371264 3371307
3371307 3371338
3371338 3371368
3371368 3371399
3371399 3371429
3371429 3371460
3371460 3371490
3371491 3371524
3371524 3371557
3371557 3371590
3371590 3371623
3371624 3371657
3371657 3371690
3371690 3371724
3371724 3371757
3371757 3371790
3371790 3371823
3371824 3371858
3371858 3371890
3371890 3371924
3371924 3371957
3371957 3372018
3372019 3372049
3372049 3372079
3372079 3372109
3372109 3372139
3372139 3372170
3372170 3372200
3372200 3372231
3372231 3372261
3372261 3372291
3372291 3372324
3372324 3372356
3372357 3372390
3372390 3372423
3372423 3372457
3372457 3372490
3372490 3372523
3372524 3372557
3372557 3372590
3372590 3372623
3372623 3372657
3372657 3372690
3372690 3372723
3372723 3372758
3372758 3372790
3372790 3372823
3372823 3372857
3372857 3372890
3372890 3372924
3372924 3372957
3372957 3372990
3372990 3373024
3373024 3373061
3373061 3373091
3373091 3373124
3373124 3373157
3373157 3373191
3373191 3373224
3373224 3373258
3373258 3373290
3373290 3373324
3373324 3373357
3373357 3373390
3373390 3373423
3373424 3373457
3373457 3373490
3373490 3373523
3373523 3373556
3373556 3373590
3373591 3373623
3373623 3373657
3373657 3373690
3373690 3373724
3373724 3373757
3373757 3373790
3373790 3373824
3373824 3373857
3373857 3373890
3373890 3373924
3373924 3373957
3373957 3373990
3373990 3374024
3374024 3374057
3374057 3374091
3374091 3374124
3374124 3374157
3374157 3374191
3374191 3374224
3374224 3374257
3374257 3374291
3374291 3374324
3374324 3374358
3374358 3374391
3374391 3374424
3374424 3374457
3374457 3374490
3374490 3374524
3374524 3374557
3374557 3374590
3374591 3374624
3374624 3374657
3374657 3374690
3374690 3374724
3374724 3374757
3374757 3374791
3374791 3374824
3374824 3374858
3374858 3374891
3374891 3374925
3374925 3374958
3374958 3374991
3374991 3375024
3375024 3375057
3375057 3375090
3375091 3375124
3375124 3375159
3375159 3375191
3375191 3375224
3375224 3375286
3375286 3375317
3375317 3375347
3375347 3375378
3375378 3375408
3375409 3375439
3375439 3375470
3375471 3375502
3375502 3375532
3375533 3375563
3375563 3375594
3375594 3375624
3375624 3375657
3375657 3375690
3375690 3375723
3375723 3375757
3375757 3375790
3375790 3375823
3375824 3375857
3375857 3375890
3375890 3375923
3375923 3375957
3375957 3375990
3375990 3376023
3376023 3376059
3376059 3376090
3376090 3376124
3376124 3376157
3376157 3376190
3376190 3376224
3376224 3376257
3376257 3376290
3376290 3376323
3376324 3376357
3376357 3376390
3376390 3376423
3376423 3376457
3376457 3376490
3376490 3376523
3376523 3376557
3376557 3376592
3376592 3376623
3376623 3376658
3376658 3376690
3376690 3376723
3376723 3376757
3376757 3376790
3376790 3376823
3376823 3376857
3376857 3376890
3376890 3376924
3376924 3376958
3376958 3376991
3376991 3377024
3377024 3377058
3377058 3377092
3377092 3377125
3377125 3377158
3377158 3377210
3377210 3377241
3377241 3377272
3377272 3377303
3377303 3377333
3377333 3377364
3377364 3377395
3377395 3377426
3377426 3377458
3377458 3377492
3377492 3377525
3377525 3377558
3377558 3377592
3377592 3377625
3377625 3377658
3377658 3377691
3377692 3377725
3377725 3377758
3377758 3377791
3377791 3377824
3377824 3377858
3377858 3377891
3377891 3377925
3377925 3377958
3377958 3377991
3377991 3378024
3378025 3378058
3378058 3378091
3378091 3378124
3378124 3378158
3378158 3378192
3378192 3378225
3378225 3378258
3378258 3378291
3378291 3378325
3378325 3378358
3378358 3378391
3378391 3378425
3378425 3378458
3378458 3378491
3378491 3378525
3378525 3378558
3378558 3378591
3378591 3378624
3378624 3378658
3378658 3378691
3378691 3378725
3378725 3378759
3378759 3378792
3378792 3378825
3378825 3378858
3378858 3378891
3378891 3378925
3378925 3378958
3378958 3378992
3378992 3379025
3379025 3379058
3379058 3379091
3379091 3379125
3379125 3379158
3379158 3379191
3379192 3379224
3379224 3379259
3379259 3379291
3379291 3379324
3379325 3379358
3379358 3379391
3379392 3379424
3379424 3379458
3379458 3379492
3379492 3379525
3379525 3379558
3379558 3379592
3379592 3379625
3379625 3379658
3379658 3379691
3379691 3379725
3379725 3379758
3379758 3379791
3379791 3379825
3379825 3379858
3379858 3379891
3379891 3379925
3379925 3379958
3379958 3379992
3379992 3380025
3380025 3380058
3380058 3380091
3380092 3380125
3380125 3380158
3380158 3380193
3380193 3380225
3380225 3380258
3380258 3380292
3380292 3380325
3380325 3380358
3380358 3380392
3380392 3380425
3380425 3380458
3380458 3380491
3380491 3380525
3380525 3380558
3380558 3380591
3380591 3380624
3380624 3380658
3380658 3380691
3380691 3380725
3380725 3380758
3380758 3380791
3380791 3380825
3380825 3380858
3380858 3380891
3380891 3380926
3380926 3380959
3380959 3380991
3380991 3381024
3381024 3381058
3381058 3381091
3381091 3381124
3381125 3381158
3381158 3381191
3381191 3381224
3381225 3381258
3381258 3381291
3381291 3381324
3381324 3381358
3381358 3381391
3381391 3381424
3381424 3381458
3381458 3381491
3381492 3381524
3381524 3381558
3381558 3381591
3381591 3381624
3381624 3381658
3381658 3381691
3381691 3381725
3381725 3381758
3381758 3381791
3381791 3381824
3381824 3381858
3381858 3381891
3381891 3381924
3381925 3381958
3381958 3381991
3381991 3382025
3382025 3382058
3382058 3382091
3382091 3382125
3382125 3382159
3382159 3382191
3382191 3382225
3382225 3382258
3382258 3382318
3382319 3382356
3382356 3382387
3382387 3382417
3382418 3382448
3382449 3382479
3382479 3382510
3382510 3382541
3382541 3382572
3382572 3382603
3382604 3382635
3382635 3382666
3382666 3382697
3382697 3382728
3382728 3382759
3382759 3382791
3382791 3382825
3382825 3382858
3382858 3382891
3382891 3382925
3382925 3382958
3382958 3382991
3382991 3383025
3383025 3383058
3383058 3383092
3383092 3383125
3383125 3383158
3383158 3383191
3383191 3383224
3383224 3383258
3383258 3383294
3383294 3383325
3383325 3383358
3383358 3383391
3383391 3383424
3383424 3383457
3383457 3383491
3383491 3383524
3383524 3383557
3383557 3383591
3383591 3383624
3383624 3383658
3383658 3383691
3383691 3383724
3383724 3383757
3383758 3383791
3383791 3383824
3383824 3383858
3383858 3383891
3383891 3383924
3383924 3383958
3383958 3383991
3383991 3384024
3384024 3384059
3384059 3384091
3384091 3384125
3384125 3384158
3384158 3384192
3384192 3384225
3384225 3384258
3384258 3384291
3384291 3384325
3384325 3384358
3384358 3384391
3384392 3384424
3384424 3384458
3384458 3384491
3384491 3384525
3384525 3384558
3384558 3384591
3384591 3384624
3384624 3384658
3384658 3384691
3384691 3384724
3384725 3384758
3384758 3384791
3384791 3384824
3384824 3384858
3384858 3384891
3384891 3384924
3384924 3384958
3384958 3384991
3384991 3385025
3385025 3385058
3385058 3385091
3385091 3385124
3385124 3385158
3385158 3385191
3385191 3385225
3385225 3385270
3385270 3385302
3385302 3385333
3385333 3385364
3385364 3385395
3385395 3385426
3385426 3385458
3385458 3385491
3385491 3385524
3385524 3385558
3385558 3385591
3385591 3385624
3385624 3385658
3385658 3385691
3385691 3385725
3385725 3385758
3385758 3385791
3385791 3385825
3385825 3385859
3385859 3385891
3385891 3385924
3385925 3385958
3385958 3385992
3385992 3386025
3386025 3386058
3386058 3386091
3386091 3386125
3386125 3386159
3386159 3386191
3386191 3386225
3386225 3386258
3386258 3386291
3386291 3386325
3386325 3386358
3386358 3386392
3386392 3386426
3386426 3386458
3386458 3386491
3386491 3386525
3386525 3386558
3386558 3386591
3386591 3386624
3386624 3386658
3386658 3386691
3386691 3386724
3386725 3386758
3386758 3386791
3386791 3386824
3386824 3386858
3386858 3386891
3386891 3386925
3386925 3386958
3386958 3386990
3386991 3387024
3387024 3387057
3387057 3387090
3387090 3387124
3387124 3387157
3387157 3387190
3387190 3387223
3387223 3387258
3387258 3387291
3387291 3387325
3387325 3387357
3387357 3387396
3387396 3387456
3387456 3387486
3387486 3387515
3387515 3387544
3387544 3387574
3387574 3387603
3387603 3387633
3387633 3387663
3387663 3387692
3387692 3387723
3387723 3387757
3387757 3387791
3387791 3387824
3387824 3387858
3387858 3387890
3387891 3387924
3387924 3387958
3387958 3387991
3387991 3388025
3388025 3388058
3388058 3388092
3388092 3388124
3388124 3388157
3388157 3388191
3388191 3388224
3388224 3388257
3388257 3388291
3388291 3388324
3388324 3388358
3388358 3388391
3388391 3388424
3388424 3388464
3388464 3388494
3388494 3388525
3388525 3388557
3388557 3388591
3388591 3388624
3388624 3388657
3388657 3388690
3388690 3388724
3388724 3388756
3388757 3388790
3388790 3388823
3388823 3388857
3388857 3388890
3388890 3388923
3388923 3388957
3388957 3388990
3388990 3389024
3389024 3389057
3389057 3389090
3389090 3389124
3389124 3389157
3389157 3389190
3389191 3389224
3389224 3389257
3389257 3389292
3389292 3389324
3389324 3389357
3389357 3389390
3389391 3389424
3389424 3389457
3389458 3389491
3389491 3389524
3389524 3389557
3389557 3389591
3389591 3389624
3389624 3389658
3389658 3389692
3389692 3389725
3389725 3389758
3389758 3389791
3389791 3389824
3389824 3389857
3389858 3389891
3389891 3389924
3389924 3389958
3389958 3389991
3389991 3390024
3390024 3390058
3390058 3390091
3390091 3390124
3390124 3390157
3390158 3390191
3390191 3390226
3390226 3390258
3390258 3390291
3390291 3390324
3390325 3390358
3390358 3390391
3390391 3390424
3390424 3390458
3390458 3390491
3390491 3390527
3390527 3390558
3390558 3390590
3390591 3390624
3390624 3390657
3390657 3390690
3390691 3390724
3390724 3390758
3390758 3390791
3390791 3390824
3390824 3390857
3390857 3390891
3390891 3390924
3390924 3390958
3390958 3390991
3390991 3391024
3391024 3391057
3391057 3391091
3391091 3391124
3391124 3391158
3391158 3391191
3391191 3391224
3391224 3391258
3391258 3391291
3391291 3391324
3391325 3391359
3391359 3391391
3391391 3391424
3391425 3391458
3391458 3391491
3391491 3391524
3391524 3391558
3391558 3391591
3391591 3391624
3391624 3391658
3391658 3391691
3391691 3391724
3391724 3391758
3391758 3391791
3391791 3391825
3391825 3391858
3391858 3391891
3391891 3391924
3391924 3391958
3391958 3391991
3391991 3392024
3392024 3392058
3392058 3392092
3392092 3392125
3392125 3392158
3392158 3392191
3392191 3392225
3392225 3392258
3392258 3392291
3392291 3392325
3392325 3392359
3392359 3392392
3392392 3392428
3392428 3392460
3392460 3392516
3392516 3392548
3392548 3392579
3392579 3392610
3392610 3392642
3392642 3392674
3392674 3392705
3392706 3392737
3392737 3392768
3392768 3392799
3392799 3392830
3392830 3392860
3392861 3392892
3392892 3392924
3392924 3392959
3392959 3392991
3392991 3393025
3393025 3393058
3393058 3393091
3393091 3393124
3393124 3393159
3393159 3393191
3393191 3393225
3393225 3393258
3393258 3393292
3393292 3393325
3393325 3393358
3393359 3393392
3393392 3393425
3393425 3393458
3393458 3393491
3393492 3393525
3393525 3393559
3393559 3393591
3393591 3393625
3393625 3393658
3393658 3393691
3393691 3393724
3393724 3393758
3393758 3393791
3393791 3393825
3393825 3393857
3393857 3393891
3393891 3393924
3393924 3393958
3393958 3393991
3393991 3394025
3394025 3394058
3394058 3394091
3394091 3394124
3394124 3394158
3394158 3394191
3394191 3394225
3394225 3394258
3394258 3394291
3394291 3394325
3394325 3394358
3394358 3394392
3394392 3394426
3394426 3394459
3394459 3394493
3394493 3394525
3394525 3394559
3394559 3394592
3394592 3394627
3394627 3394659
3394659 3394692
3394692 3394725
3394725 3394759
3394759 3394792
3394792 3394826
3394826 3394859
3394859 3394893
3394893 3394925
3394925 3394959
3394959 3394992
3394992 3395026
3395026 3395059
3395059 3395092
3395093 3395126
3395126 3395160
3395160 3395192
3395192 3395226
3395226 3395259
3395259 3395292
3395293 3395326
3395326 3395359
3395359 3395392
3395392 3395426
3395426 3395462
3395462 3395493
3395493 3395526
3395526 3395559
3395559 3395592
3395592 3395626
3395626 3395660
3395661 3395693
3395693 3395726
3395726 3395759
3395759 3395792
3395793 3395826
3395826 3395859
3395859 3395892
3395892 3395925
3395925 3395958
3395958 3395991
3395992 3396025
3396025 3396058
3396058 3396091
3396092 3396125
3396125 3396159
3396159 3396191
3396192 3396225
3396225 3396259
3396259 3396292
3396292 3396325
3396325 3396358
3396359 3396392
3396392 3396427
3396427 3396459
3396459 3396493
3396493 3396525
3396526 3396559
3396559 3396592
3396592 3396626
3396626 3396659
3396659 3396693
3396693 3396726
3396726 3396760
3396760 3396792
3396792 3396826
3396826 3396860
3396860 3396893
3396893 3396926
3396926 3396960
3396960 3396993
3396993 3397026
3397026 3397059
3397059 3397092
3397093 3397126
3397126 3397159
3397159 3397192
3397192 3397226
3397226 3397259
3397259 3397293
3397293 3397326
3397326 3397359
3397359 3397392
3397392 3397426
3397426 3397459
3397459 3397493
3397493 3397525
3397525 3397559
3397559 3397592
3397592 3397625
3397625 3397659
3397659 3397715
3397716 3397746
3397746 3397777
3397777 3397808
3397808 3397839
3397839 3397871
3397871 3397902
3397902 3397932
3397932 3397963
3397963 3397994
3397994 3398026
3398026 3398060
3398060 3398093
3398093 3398126
3398126 3398159
3398159 3398192
3398192 3398226
3398226 3398259
3398259 3398292
3398293 3398326
3398326 3398359
3398359 3398393
3398393 3398427
3398427 3398459
3398459 3398494
3398494 3398526
3398526 3398559
3398559 3398592
3398593 3398626
3398626 3398659
3398659 3398692
3398692 3398726
3398726 3398760
3398760 3398793
3398793 3398826
3398826 3398859
3398859 3398892
3398893 3398925
3398926 3398960
3398960 3398992
3398992 3399026
3399026 3399059
3399059 3399093
3399093 3399126
3399126 3399160
3399160 3399193
3399193 3399254
3399255 3399286
3399286 3399317
3399317 3399348
3399348 3399379
3399379 3399410
3399410 3399441
3399441 3399473
3399473 3399504
3399504 3399535
3399535 3399567
3399567 3399597
3399597 3399629
3399629 3399660
3399660 3399693
3399693 3399726
3399726 3399759
3399759 3399793
3399793 3399825
3399825 3399859
3399859 3399892
3399892 3399925
3399925 3399960
3399960 3399992
3399992 3400026
3400026 3400059
3400060 3400093
3400093 3400125
3400125 3400159
3400159 3400192
3400192 3400225
3400226 3400259
3400259 3400292
3400292 3400325
3400326 3400359
3400359 3400392
3400392 3400426
3400426 3400459
3400459 3400492
3400492 3400525
3400525 3400559
3400559 3400595
3400595 3400626
3400626 3400659
3400659 3400692
3400692 3400725
3400725 3400759
3400759 3400795
3400795 3400826
3400826 3400859
3400859 3400892
3400892 3400925
3400925 3400959
3400959 3400992
3400992 3401026
3401026 3401059
3401059 3401092
3401092 3401126
3401126 3401159
3401159 3401192
3401192 3401226
3401226 3401259
3401259 3401292
3401292 3401326
3401326 3401359
3401360 3401392
3401392 3401425
3401425 3401459
3401459 3401492
3401492 3401525
3401525 3401559
3401559 3401592
3401592 3401625
3401626 3401659
3401659 3401692
3401693 3401726
3401726 3401759
3401759 3401792
3401792 3401826
3401826 3401859
3401859 3401892
3401892 3401925
3401925 3401959
3401959 3401992
3401992 3402025
3402025 3402059
3402059 3402092
3402092 3402125
3402125 3402159
3402159 3402192
3402192 3402226
3402226 3402260
3402260 3402293
3402293 3402325
3402325 3402360
3402360 3402392
3402392 3402426
3402427 3402459
3402459 3402492
3402492 3402525
3402526 3402559
3402559 3402592
3402592 3402626
3402626 3402659
3402659 3402692
3402692 3402726
3402726 3402759
3402760 3402816
3402816 3402848
3402848 3402879
3402879 3402910
3402911 3402941
3402941 3402972
3402972 3403003
3403003 3403034
3403034 3403066
3403066 3403096
3403097 3403128
3403128 3403159
3403159 3403192
3403192 3403226
3403226 3403259
3403259 3403292
3403292 3403327
3403327 3403359
3403359 3403392
3403392 3403425
3403425 3403459
3403459 3403492
3403492 3403525
3403525 3403559
3403559 3403592
3403592 3403625
3403625 3403659
3403659 3403693
3403693 3403726
3403726 3403759
3403759 3403792
3403792 3403826
3403826 3403859
3403859 3403893
3403893 3403926
3403926 3403959
3403959 3403992
3403992 3404025
3404026 3404059
3404059 3404092
3404092 3404126
3404126 3404159
3404159 3404192
3404192 3404226
3404226 3404259
3404259 3404292
3404292 3404325
3404325 3404359
3404359 3404395
3404395 3404427
3404427 3404459
3404459 3404493
3404493 3404525
3404525 3404559
3404559 3404592
3404592 3404626
3404626 3404659
3404659 3404693
3404693 3404726
3404726 3404759
3404759 3404793
3404793 3404826
3404826 3404859
3404859 3404895
3404895 3404926
3404926 3404959
3404960 3404992
3404992 3405026
3405026 3405059
3405059 3405092
3405092 3405125
3405125 3405159
3405159 3405192
3405192 3405225
3405226 3405259
3405259 3405292
3405292 3405326
3405326 3405359
3405359 3405392
3405392 3405426
3405426 3405459
3405459 3405493
3405493 3405526
3405526 3405559
3405559 3405592
3405592 3405625
3405626 3405659
3405659 3405692
3405692 3405726
3405726 3405759
3405759 3405792
3405792 3405826
3405826 3405859
3405859 3405892
3405892 3405926
3405926 3405960
3405960 3405992
3405993 3406026
3406026 3406059
3406059 3406092
3406093 3406126
3406126 3406159
3406159 3406192
3406192 3406226
3406226 3406259
3406259 3406292
3406292 3406325
3406326 3406359
3406359 3406392
3406392 3406426
3406426 3406459
3406459 3406492
3406492 3406525
3406525 3406559
3406559 3406592
3406593 3406625
3406625 3406659
3406659 3406693
3406693 3406725
3406725 3406759
3406759 3406792
3406792 3406825
3406825 3406860
3406860 3406892
3406892 3406925
3406925 3406959
3406959 3406992
3406992 3407025
3407025 3407059
3407059 3407092
3407092 3407125
3407125 3407159
3407159 3407192
3407192 3407225
3407225 3407259
3407259 3407292
3407292 3407326
3407326 3407359
3407359 3407392
3407392 3407425
3407425 3407459
3407459 3407492
3407492 3407525
3407525 3407559
3407559 3407592
3407592 3407626
3407626 3407659
3407659 3407692
3407692 3407725
3407725 3407759
3407759 3407792
3407792 3407825
3407826 3407859
3407859 3407892
3407892 3407925
3407930 3407978
3407978 3408008
3408009 3408039
3408039 3408071
3408071 3408101
3408102 3408132
3408132 3408163
3408163 3408193
3408193 3408226
3408226 3408259
3408259 3408292
3408292 3408325
3408325 3408358
3408359 3408392
3408392 3408425
3408425 3408458
3408458 3408492
3408492 3408525
3408525 3408559
3408559 3408592
3408592 3408625
3408625 3408658
3408658 3408692
3408692 3408728
3408728 3408759
3408760 3408793
3408793 3408825
3408825 3408859
3408859 3408892
3408892 3408925
3408926 3408960
3408960 3408992
3408992 3409025
3409025 3409059
3409059 3409092
3409092 3409126
3409126 3409159
3409159 3409192
3409192 3409225
3409225 3409259
3409259 3409294
3409294 3409326
3409326 3409359
3409359 3409392
3409392 3409425
3409425 3409459
3409459 3409492
3409492 3409525
3409525 3409559
3409559 3409592
3409592 3409626
3409626 3409659
3409659 3409692
3409692 3409726
3409726 3409759
3409759 3409792
3409792 3409826
3409826 3409859
3409859 3409893
3409893 3409926
3409926 3409959
3409959 3409993
3409993 3410026
3410026 3410059
3410060 3410093
3410093 3410126
3410126 3410159
3410159 3410192
3410192 3410226
3410226 3410260
3410260 3410292
3410292 3410326
3410326 3410359
3410359 3410393
3410393 3410426
3410426 3410459
3410460 3410493
3410493 3410526
3410526 3410559
3410559 3410592
3410593 3410626
3410626 3410659
3410659 3410692
3410692 3410726
3410726 3410759
3410759 3410792
3410793 3410825
3410826 3410859
3410859 3410892
3410892 3410926
3410926 3410959
3410959 3410993
3410993 3411026
3411026 3411059
3411059 3411092
3411092 3411126
3411126 3411159
3411159 3411192
3411192 3411225
3411226 3411259
3411259 3411292
3411292 3411326
3411326 3411359
3411359 3411392
3411392 3411425
3411425 3411459
3411459 3411492
3411492 3411526
3411526 3411559
3411559 3411592
3411592 3411625
3411625 3411659
3411659 3411692
3411692 3411726
3411726 3411759
3411759 3411792
3411792 3411825
3411825 3411859
3411859 3411893
3411893 3411927
3411927 3411960
3411960 3411994
3411994 3412027
3412027 3412062
3412062 3412095
3412095 3412127
3412127 3412160
3412160 3412193
3412194 3412227
3412227 3412260
3412261 3412293
3412293 3412327
3412327 3412360
3412360 3412394
3412394 3412427
3412427 3412460
3412460 3412494
3412494 3412527
3412527 3412560
3412560 3412594
3412594 3412627
3412627 3412660
3412660 3412693
3412693 3412727
3412727 3412760
3412760 3412794
3412794 3412827
3412827 3412860
3412860 3412893
3412893 3412927
3412927 3412960
3412960 3413020
3413020 3413051
3413051 3413082
3413082 3413114
3413114 3413146
3413146 3413182
3413183 3413220
3413220 3413251
3413251 3413282
3413282 3413314
3413314 3413345
3413345 3413377
3413377 3413408
3413408 3413439
3413439 3413470
3413470 3413501
3413501 3413532
3413532 3413564
3413564 3413596
3413596 3413628
3413628 3413661
3413661 3413694
3413694 3413727
3413728 3413760
3413760 3413794
3413794 3413827
3413827 3413861
3413861 3413894
3413894 3413927
3413927 3413961
3413961 3413994
3413994 3414027
3414027 3414061
3414061 3414094
3414094 3414127
3414127 3414160
3414160 3414194
3414194 3414227
3414227 3414261
3414261 3414293
3414293 3414327
3414327 3414360
3414360 3414394
3414394 3414427
3414427 3414461
3414461 3414494
3414494 3414527
3414527 3414561
3414561 3414594
3414594 3414627
3414627 3414661
3414661 3414693
3414693 3414727
3414727 3414760
3414760 3414794
3414794 3414826
3414827 3414860
3414860 3414893
3414893 3414927
3414927 3414962
3414962 3414993
3414993 3415026
3415026 3415060
3415060 3415096
3415097 3415128
3415128 3415160
3415160 3415193
3415193 3415227
3415227 3415260
3415260 3415293
3415293 3415327
3415327 3415360
3415360 3415393
3415393 3415427
3415427 3415460
3415460 3415493
3415493 3415527
3415527 3415560
3415560 3415593
3415593 3415626
3415626 3415660
3415660 3415693
3415693 3415726
3415726 3415760
3415760 3415793
3415793 3415827
3415827 3415860
3415860 3415894
3415894 3415926
3415927 3415960
3415960 3415993
3415993 3416027
3416027 3416060
3416060 3416096
3416096 3416127
3416127 3416160
3416160 3416194
3416194 3416227
3416227 3416260
3416260 3416293
3416293 3416327
3416327 3416360
3416360 3416393
3416394 3416427
3416427 3416461
3416461 3416493
3416494 3416527
3416527 3416560
3416560 3416593
3416593 3416626
3416626 3416660
3416660 3416693
3416693 3416727
3416727 3416760
3416760 3416793
3416793 3416827
3416827 3416860
3416860 3416893
3416894 3416928
3416928 3416961
3416961 3416994
3416994 3417028
3417028 3417060
3417060 3417093
3417093 3417127
3417127 3417160
3417160 3417234
3417234 3417266
3417266 3417298
3417298 3417329
3417329 3417360
3417360 3417393
3417394 3417427
3417427 3417460
3417460 3417493
3417493 3417527
3417527 3417560
3417561 3417593
3417593 3417626
3417626 3417660
3417661 3417693
3417693 3417727
3417727 3417760
3417760 3417794
3417794 3417827
3417827 3417860
3417860 3417893
3417893 3417927
3417927 3417960
3417960 3417994
3417994 3418027
3418027 3418060
3418060 3418094
3418094 3418127
3418127 3418162
3418162 3418222
3418222 3418253
3418253 3418284
3418284 3418316
3418316 3418347
3418347 3418378
3418378 3418409
3418409 3418440
3418440 3418471
3418471 3418502
3418502 3418533
3418533 3418565
3418565 3418595
3418595 3418627
3418627 3418660
3418660 3418693
3418693 3418727
3418727 3418761
3418761 3418794
3418794 3418827
3418827 3418860
3418861 3418894
3418894 3418927
3418927 3418960
3418960 3418994
3418994 3419027
3419027 3419060
3419060 3419093
3419093 3419127
3419127 3419160
3419161 3419197
3419197 3419229
3419229 3419261
3419261 3419294
3419294 3419327
3419327 3419360
3419360 3419393
3419393 3419426
3419426 3419460
3419460 3419493
3419493 3419527
3419527 3419560
3419560 3419593
3419593 3419626
3419626 3419660
3419660 3419693
3419693 3419727
3419727 3419759
3419759 3419793
3419794 3419826
3419826 3419860
3419860 3419893
3419893 3419926
3419927 3419959
3419959 3419993
3419993 3420026
3420026 3420060
3420060 3420093
3420093 3420127
3420127 3420160
3420160 3420194
3420194 3420227
3420227 3420261
3420261 3420295
3420295 3420328
3420328 3420360
3420360 3420394
3420394 3420427
3420427 3420461
3420461 3420493
3420493 3420526
3420527 3420560
3420560 3420594
3420594 3420627
3420627 3420660
3420660 3420693
3420693 3420727
3420727 3420760
3420760 3420794
3420794 3420827
3420827 3420860
3420860 3420893
3420893 3420927
3420927 3420960
3420960 3420993
3420993 3421026
3421027 3421061
3421061 3421094
3421094 3421127
3421127 3421160
3421160 3421193
3421193 3421229
3421229 3421261
3421262 3421293
3421293 3421327
3421327 3421360
3421360 3421395
3421395 3421427
3421427 3421460
3421460 3421493
3421493 3421528
3421528 3421560
3421560 3421593
3421593 3421627
3421627 3421660
3421660 3421693
3421693 3421727
3421727 3421760
3421760 3421794
3421794 3421827
3421827 3421860
3421860 3421894
3421894 3421927
3421927 3421960
3421960 3421994
3421994 3422027
3422027 3422060
3422060 3422093
3422093 3422127
3422127 3422160
3422160 3422193
3422193 3422227
3422227 3422260
3422260 3422293
3422293 3422326
3422327 3422360
3422360 3422393
3422393 3422427
3422427 3422462
3422462 3422493
3422493 3422526
3422526 3422560
3422560 3422593
3422593 3422626
3422627 3422660
3422660 3422693
3422693 3422727
3422727 3422760
3422760 3422793
3422793 3422826
3422826 3422860
3422860 3422893
3422893 3422927
3422927 3422960
3422960 3422994
3422994 3423026
3423026 3423060
3423060 3423094
3423094 3423127
3423127 3423160
3423160 3423194
3423194 3423226
3423226 3423260
3423260 3423293
3423293 3423358
3423358 3423389
3423389 3423420
3423420 3423451
3423451 3423482
3423483 3423513
3423513 3423545
3423545 3423577
3423577 3423608
3423608 3423640
3423640 3423671
3423671 3423702
3423702 3423733
3423733 3423764
3423764 3423796
3423796 3423827
3423827 3423860
3423860 3423893
3423893 3423927
3423927 3423960
3423960 3423993
3423994 3424026
3424027 3424062
3424062 3424094
3424094 3424126
3424127 3424160
3424160 3424193
3424194 3424227
3424227 3424260
3424260 3424293
3424293 3424326
3424327 3424360
3424360 3424393
3424393 3424426
3424427 3424460
3424460 3424493
3424493 3424526
3424526 3424560
3424560 3424593
3424593 3424627
3424627 3424661
3424661 3424693
3424693 3424727
3424727 3424760
3424760 3424793
3424793 3424827
3424827 3424860
3424860 3424893
3424893 3424927
3424927 3424960
3424960 3424994
3424994 3425027
3425027 3425060
3425060 3425093
3425093 3425127
3425127 3425160
3425161 3425196
3425196 3425228
3425228 3425260
3425260 3425305
3425305 3425337
3425337 3425368
3425368 3425400
3425400 3425431
3425431 3425463
3425463 3425494
3425494 3425527
3425528 3425560
3425560 3425593
3425594 3425627
3425627 3425661
3425661 3425694
3425694 3425727
3425727 3425761
3425761 3425795
3425795 3425827
3425827 3425861
3425861 3425894
3425894 3425928
3425928 3425960
3425960 3425993
3425993 3426027
3426027 3426060
3426060 3426094
3426094 3426127
3426127 3426160
3426160 3426193
3426193 3426227
3426227 3426260
3426260 3426295
3426295 3426327
3426327 3426360
3426360 3426394
3426394 3426427
3426427 3426460
3426460 3426493
3426493 3426527
3426527 3426560
3426560 3426593
3426593 3426626
3426626 3426660
3426660 3426693
3426694 3426727
3426727 3426760
3426760 3426793
3426793 3426827
3426827 3426861
3426861 3426893
3426893 3426926
3426926 3426960
3426960 3426993
3426993 3427026
3427026 3427059
3427059 3427093
3427093 3427126
3427126 3427159
3427160 3427193
3427193 3427227
3427227 3427260
3427260 3427293
3427293 3427327
3427327 3427360
3427360 3427393
3427393 3427427
3427427 3427460
3427460 3427493
3427493 3427527
